0.05453445105244814
0.024672646266054792
0.020857716723047075
0.019045769744137728
0.01783040764345096
0.017001982099029294
0.01629817358559311
0.01586467432774136
0.015439022566028948
0.015115078689266157
0.014940984774589931
0.014514299721238834
0.014403717039097654
0.014188123030876956
0.01398659634585231
0.013921638551128187
0.013716139092967651
0.013569122795077047
0.013459656430598927
0.013326391906603532
0.01317470746957036
0.013047215817711337
0.01296727376814821
0.012845604640520838
0.012828008892635504
0.012713989000091262
0.012633963899914384
0.012715041250137999
0.012521743685277578
0.012507217622703255
0.012648805886777517
0.0123110387394383
0.0122447154936519
0.012834320517976096
0.012292168619535348
0.012259637663392935
0.012197279663320027
0.01210326829882148
0.012270818446015958
0.012024796776866952
0.012053994741598175
0.011984251144498881
0.01198311631411019
0.011909752964309536
0.012010290975937553
0.011975394233003898
0.011811106776197752
0.011750530897218598
0.012047498274852735
0.011710615050994327
0.01176860904560821
0.011775252347805909
0.011747515130259416
0.011659158126331202
0.011874111415357283
0.011600954442749126
0.011732612831806979
0.011583872326947872
0.012103382599457065
0.011597298331583294
0.011540774212959575
0.011532300520725179
0.011715883936228926
0.011539999555439839
0.011553104764016548
0.011638054160075417
0.011672194546131607
0.011478303599696938
0.011485788605418733
0.011472738430936737
0.01143640336940194
0.011376100798251212
0.011608518844488824
0.01143059122496017
0.011398687971012034
0.011622798964135324
0.011389787714596433
0.011394355688920312
0.011490370866169435
0.011516196945245706
0.01146596262889235
0.011315766860279117
0.011493568317872464
0.011326753408356075
0.011317531535211372
0.011543846071356594
0.011293161131761256
0.01156875809574678
0.011656567460485417
0.011398093713441304
0.011265540679935182
0.011281807654884585
0.01126548377090063
0.011314434915313823
0.01128668600244589
0.011237962180656372
0.011235875679985328
0.011230981020447445
0.011242386414715559
0.011202169665236874
0.011452821237050465
0.011229679870600551
0.011259437280494979
0.01119524134144728
0.011810789121431683
0.011173546111377159
0.011155243461994644
0.011163360383914838
0.011159940736472803
0.011168367438411752
0.011723191689441699
0.011295068480394068
0.011131335870538018
0.011290182623852401
0.01114051504115952
0.011278352355922606
0.011129078335396133
0.01109394030614753
0.011133319215707652
0.011103422885066015
0.011158558497014808
0.011304572034049349
0.011307936066472688
0.011310383655966903
0.011120456959376045
0.01112735940284855
0.011433935638136007
0.011173463635540047
0.011056760270701776
0.011123660395518192
0.011064982450514934
0.011093426667916106
0.011038807294525133
0.011287273454907114
0.01102047390227664
0.011047061145453169
0.011367984629380625
0.011366078273543823
0.011033476456360455
0.01124691833179481
0.011134587953684747
0.011044980414064215
0.01102714639052552
0.011044358164563825
0.011139531072733229
0.011124994323001836
0.01100297521480141
0.010975708521091112
0.010997898357216478
0.011199424725652921
0.010999553093053524
0.010969379569462227
0.01096766678425837
0.010961611155826266
0.011291632742279827
0.010976688124903359
0.011271040539315628
0.010937770982288292
0.010984342540660412
0.010921013138868627
0.010907952031335814
0.011008929556524596
0.01108446834369166
0.010907868614955114
0.010912039071296897
0.011117517078301498
0.010885590447647737
0.010883420115650291
0.010906105449195742
0.01087752394624079
0.010876142533600527
0.010873145961722131
0.011093444396855414
0.010842115956392421
0.010843687583215952
0.010851268210869418
0.010997741108163945
0.010860631125594917
0.010850632418770798
0.010831228887705322
0.010830815607933912
0.010856497325863775
0.010961234274477061
0.01086186397230566
0.010835983089660065
0.010958887461462233
0.010795484081820489
0.010793645408238121
0.010831249410612354
0.010809430154808874
0.010794608838389022
0.010852060800190806
0.011405351731569657
0.010881776131517423
0.010821377548078695
0.010766869964133395
0.010766932706997143
0.010785041410758747
0.010763087958441709
0.010757807307191218
0.010686731740537256
0.010681207301002919
0.010689615078344204
0.010686106942962893
0.010687061800642966
0.01069630032079448
0.010673525518808428
0.010694122233922921
0.010672696804621629
0.010672800814603815
0.010675433598975144
0.010673599588152992
0.01066877125538025
0.010669383223448256
0.010661530213141599
0.010666306281197977
0.010664778079210532
0.0106498047297593
0.010660054896752237
0.010838217286411489
0.01064259911773622
0.010641603546198641
0.010636876819796689
0.010636572265020102
0.010646466301022584
0.010639906261521991
0.010642169320052214
0.010638466320022105
0.010634408147987162
0.01064276538801567
0.010623718492022835
0.010628899673104483
0.010928832437142287
0.0106195251552677
0.010611717973408525
0.01061377636842405
0.010620638620563269
0.010620707787401212
0.010625208565110815
0.010619419267272005
0.010612204655537708
0.010612300637088987
0.010613929624776832
0.010617920385040466
0.010609681957797839
0.01060874576345332
0.010601111804519352
0.010929297972409048
0.010596069126165543
0.010586558619864506
0.010591746006689646
0.010605748235662975
0.010591295261931892
0.010597923767473242
0.01059870696519025
0.010606695181711673
0.010682755641688411
0.010577534296220974
0.010585822377095717
0.0105891577290869
0.010589141453994384
0.010582971603305328
0.010586153780396032
0.010587597920531683
0.010649184121599686
0.010598668920816762
0.010568992904826949
0.01057864985929759
0.010575305396943006
0.01057322722284904
0.010571447296356997
0.01056802270491377
0.01057336902977413
0.010572194601270821
0.010583117309183177
0.010572883438798461
0.010571191579152648
0.010704915420376625
0.010554896584610538
0.010560546611303543
0.010555948388974855
0.01055496753417816
0.011137716404528115
0.010640586615715287
0.010590464039628851
0.010589178805254867
0.010576983563380667
0.010891449517837845
0.01073054779050472
0.010599468518109998
0.010593969534726033
0.010572028930357384
0.010576343627972374
0.010666440403943407
0.01056517834895023
0.010561855980149
0.010569169143024254
0.010566950290042771
0.010575684104053297
0.010564534076590939
0.01057779016557208
0.010563323240444409
0.010569767002938407
0.010561546980842898
0.010554512827457374
0.010790936636550985
0.010555977628815293
0.010549093160175844
0.010554875582210695
0.010550094497921837
0.010556024986414527
0.010549012660709742
0.010549986802607086
0.0105417326074278
0.010540888521808012
0.010537712143199278
0.010548357867171662
0.010535237225688526
0.01054969600558576
0.010539846633109126
0.010759352113154068
0.010538233044517316
0.010529813734759199
0.01052612076412038
0.010526803014769217
0.010539751758079717
0.010529626821699513
0.010658880557385411
0.010516251838480187
0.010520446507672076
0.010517162427601248
0.0105212987385223
0.010532937313832662
0.0105315379801486
0.010519332178674711
0.010525815142779657
0.010520823607251982
0.010516148444769209
0.010524843060242461
0.010528363785383726
0.010723042387896441
0.010508790818156779
0.010509524893986903
0.010511974496736189
0.010517343563694668
0.010518178399098983
0.010507256462678263
0.010603894335110196
0.010498761846422656
0.010503137791560034
0.010500379552197929
0.010513696336977355
0.010510612380607883
0.010509589075329083
0.010507877553404361
0.010511335351261565
0.01051858395165933
0.010515554660543948
0.010558625919861172
0.010496165744788183
0.010497079636569661
0.010502682931155655
0.010503286228395334
0.01050456417201966
0.010505711017391665
0.010506325530459975
0.010505258674324542
0.010504711118124106
0.01050318759733891
0.010853448750531123
0.010543477869048567
0.010489721370633483
0.010492811210010902
0.010495199325491394
0.010500772696344963
0.0104966446013488
0.010490828943700091
0.010499811964877958
0.010496023587464499
0.01049481948573302
0.01049601090242072
0.010495752169944273
0.010491209777791312
0.010499876349082482
0.010484448160742572
0.010495702213555476
0.010504941120989646
0.010494074678177586
0.010488076627303665
0.01048619927770824
0.010495504070835637
0.010598378787708558
0.010647997149441502
0.010479067824166207
0.010474499963568185
0.010677982628861866
0.010477165897490561
0.010479805167309522
0.010477559908413061
0.01048468678833136
0.010440853295276071
0.01044097997358825
0.01044064410731639
0.010446372649420312
0.010445614910927346
0.010448307327606496
0.010443167057097351
0.010448515885463446
0.010445301113619467
0.010444444419797694
0.010447909812698074
0.010441412712776228
0.010447820153689818
0.010448428110616042
0.010446787353838631
0.010445052447418371
0.010446585853132281
0.010443847073186742
0.010442577803464416
0.010443037474165261
0.01044705770172105
0.010438879945687336
0.010442192749221726
0.01044261246526202
0.010442640530959805
0.010442307852085667
0.010436364025393925
0.010440953709062176
0.010438031141981236
0.010438879377058041
0.010437375423267926
0.010433748272238391
0.01043723601688056
0.01044040407505956
0.010435402273467861
0.010429872415050029
0.010485409543828011
0.010427249847563973
0.010428558460286152
0.010428723873011154
0.010431885952898378
0.010437826487687554
0.01043264832802535
0.01043216566011162
0.010435740480340846
0.010425128589811499
0.010434330594741276
0.010432504440224406
0.010426875984560538
0.010429970299204191
0.010426044722299764
0.010432060279271784
0.010426621370804388
0.010483504881584409
0.010419332105727873
0.010423935258226229
0.010422355701329291
0.01042515872716412
0.010428431456164755
0.010426429293975971
0.010425549369342256
0.010428593484777034
0.010426389016579874
0.01043052587461452
0.010425046215405558
0.01042158842676937
0.01042716867189006
0.010424215057649629
0.01050834283663003
0.010474009725200658
0.010416328827097471
0.010421504580074608
0.010419344504920169
0.010421768593119315
0.010424856569851586
0.010423120068195629
0.010420220011150581
0.010424063651647308
0.010419287638917024
0.010424494703389433
0.010422866720792288
0.010420539477846213
0.010420409347800532
0.010417844019768753
0.010422388348334989
0.01042021053348339
0.010421273489129228
0.01041773773065888
0.010412689347570092
0.010419795089846987
0.010420632345767894
0.010425371345341598
0.010420155311894693
0.0104135794214683
0.01041849705055602
0.010418218993904566
0.01041693943045517
0.010415301101878532
0.010415162700581865
0.010414772202866306
0.010423634152109474
0.010414412564816254
0.010416503356333219
0.010411704122012007
0.010420065735875577
0.01041666677117151
0.010412487705474836
0.010414963145509805
0.010417164040563425
0.010413295162147028
0.010418509529663784
0.010417378965531639
0.010413409748634096
0.010410268661925699
0.010412465074028905
0.010410937886353177
0.01041423898227144
0.010414451034893297
0.010410209573657797
0.010410855536536612
0.010409910829657866
0.010414477748175463
0.01040690063987628
0.010415791444750902
0.010415938627528081
0.010407854458655264
0.010407135883352348
0.01040846439809984
0.010407870792147547
0.01040775391270127
0.010405258970218326
0.01041141033430796
0.010407114060282116
0.010405487414732231
0.010413686302260007
0.010410683274133862
0.010642023809352526
0.010415651866237913
0.010401407716236395
0.010394430750052724
0.010407260986407697
0.010406091790830735
0.010401586894400836
0.010410331066685541
0.010408396875676346
0.010405588670704428
0.01040387488809405
0.010394854753865267
0.010402360576029756
0.010405179365190736
0.010404167739865017
0.010403621004334968
0.010405223435497914
0.010400852775539305
0.010410171832040986
0.010405305585525807
0.010407945629910077
0.010403733765060949
0.010401729620353814
0.010400684249184706
0.010397585154981306
0.01040374582614934
0.01040239489818662
0.010405135076652855
0.010397899142856841
0.010404276953573667
0.010404085589837122
0.010404438499619466
0.010400244929265268
0.01040120941675929
0.010403350219991144
0.010399268740302461
0.01039854751856807
0.010399004733405097
0.010402601341357325
0.010398347995769565
0.010400258465716154
0.010398101719348345
0.01039806669178379
0.01040275963238462
0.010393822470390954
0.010401731415378182
0.010401300910749648
0.010401881733300661
0.01039840859782086
0.010396080515762367
0.010397080325893444
0.010394077400735306
0.010401509173534098
0.010395138097232325
0.010394362139549388
0.010396606436386556
0.010672708287859711
0.01043447547533823
0.01039590442202764
0.010387453853026671
0.01038944216832371
0.010386587317307593
0.010386312561779722
0.010390043538371132
0.01037074994947454
0.010370276720807104
0.01037335232293645
0.010371180786059635
0.01037122282466971
0.010369970380227165
0.010376757308963699
0.010381764414176197
0.01037493207962206
0.010376026995307935
0.010371644258892575
0.010371085342400931
0.010374221664917941
0.010368271014674663
0.010372176664964398
0.010370930549212218
0.010371543522370925
0.01037291194260022
0.010374420350140865
0.010373681316478024
0.010375399502123347
0.010369158494393817
0.010368072074336975
0.01037185322247421
0.010373786073362474
0.010370203238533864
0.010370668457212424
0.010370856544414763
0.010372753691530661
0.010374195028477572
0.010370703145136238
0.010371870939118831
0.010366897071057026
0.01037078553030003
0.010365965321242022
0.01036905469649499
0.010371222123872526
0.010367626769978417
0.010373752720949083
0.010367002046172179
0.01037094994254484
0.010365099019122005
0.010371294999095572
0.01036858040433709
0.010369828130693325
0.010367057295423924
0.010370403108657292
0.010367979111131465
0.010368373091317246
0.010369122750663718
0.01036569933797365
0.010366130552620385
0.01036064105458779
0.01036378457257063
0.010367694612063787
0.010367197623912848
0.010369806040213644
0.010363169168137482
0.010367330827630392
0.010365565212154546
0.01037020278363043
0.010363513096650638
0.010367232998802324
0.010366207111639159
0.010366520091350322
0.010366301144482476
0.010362904777031133
0.010367389039901814
0.01036673101439777
0.01036388121496136
0.01036391963278598
0.01036827589259191
0.010366136281944738
0.010363910516275235
0.01036876062601313
0.010362205618113378
0.01036148465149375
0.010364719061027266
0.010364291009188878
0.010364527337671113
0.010365541062314715
0.0103635119102133
0.01036618989292938
0.010366020636577713
0.010361790189845333
0.010364662822053181
0.010363013960003066
0.010362860971059736
0.01036500282856104
0.010364715944323996
0.010364296415777687
0.01036611001127132
0.01036365805716306
0.010362099720896667
0.010362959620558193
0.010361369001516218
0.010363591260126126
0.010360795921544628
0.010362147541083519
0.010360612592386334
0.010361727957211115
0.010355586837669803
0.01036219397504436
0.010365070910392815
0.010359678746327119
0.010357358452953127
0.01035998056860942
0.010359428767668138
0.010360374985256604
0.010362073199718994
0.010353640244394639
0.010358421758997559
0.010362063682094068
0.010360390101574829
0.01035783325841423
0.010358622013329967
0.010359717225625177
0.010358993428153763
0.010356157956638745
0.010361638221361063
0.01035896133901951
0.010357819471459086
0.010360884249652966
0.010360801543290466
0.010359867345295821
0.010357508405108656
0.010359512937098447
0.010360285393869129
0.010354932314614849
0.01035791735100274
0.010359546553847616
0.010353562517380557
0.010361195978379683
0.010358820620174259
0.010357866736848166
0.010358503838331
0.010358449529622844
0.010360951805886852
0.010357929744047693
0.010359466146591669
0.010357907916366956
0.010357883645117087
0.010356158091880308
0.010355898062314335
0.010356650773816966
0.010355550168764473
0.010360487850487429
0.010354876711890839
0.010363132904956836
0.01035476372371314
0.010359122811297182
0.010355232713787075
0.01035841095811463
0.010357551123000214
0.010350971613325204
0.010352685423598627
0.01035270141283966
0.010356178617861011
0.010354306127740801
0.01035787407523974
0.010355779297170367
0.010356918261647717
0.010353008162217958
0.010355105156404743
0.010395466448376477
0.010351213983109486
0.010348918306773449
0.01035486603241795
0.010345923972528169
0.01034945537867916
0.01035529116273123
0.01035185774062874
0.010356055007073352
0.010350272446723268
0.010354303957728466
0.010355431949197262
0.010353577572225344
0.010350717437567294
0.010355601600515765
0.010353131127534526
0.010355545048027149
0.01035515545243428
0.010353324258632392
0.010346846138634304
0.010353977097315167
0.01035131911190823
0.010352327263984743
0.010354247932374576
0.010353156823431305
0.010351351471525608
0.010350262650931039
0.01035485172293859
0.010348232363107869
0.010346169113227636
0.010351934181311147
0.010352652277121253
0.010356603362428473
0.010346050715387458
0.010349013025045591
0.010349582963724537
0.01033738932630705
0.010339312630370506
0.01033895991115582
0.010340186209408658
0.01034203448053142
0.010337721793097828
0.010338529704673456
0.01034082747110636
0.010339127890396826
0.010337041489620119
0.010341706267702502
0.010339902406527659
0.010342470284170248
0.010339097418013973
0.010341331959016646
0.01033942079595705
0.010341167895633592
0.01033833231961373
0.010342041262588387
0.010341757106235121
0.01033761029257731
0.01034075035882665
0.010336875986221796
0.010340786744954169
0.01033934454123179
0.010333830856475303
0.01033723889465871
0.010337981708937943
0.01034135362532961
0.010338483089365975
0.010339147528086361
0.010340629406765153
0.010339122563723487
0.0103346053326484
0.01034130371197222
0.010339639884213804
0.010335584223368773
0.010339900888133757
0.010337604809146706
0.010335890256581527
0.01033740005034818
0.010336039357329949
0.0103416133690441
0.010340564466226023
0.010340163013943941
0.010336025178481643
0.010338105150673649
0.010337256356188566
0.010336438323011492
0.010338738213351654
0.01033579683539891
0.010338964254254162
0.010340105333417752
0.010337581652102888
0.01034142844465011
0.01033331845693364
0.010337150437456153
0.010335225479757236
0.010339073005375198
0.010336411445287883
0.010334020256135527
0.010337180316620337
0.010338853051879815
0.010338372584715141
0.010339278091519776
0.010333027146609114
0.010336542317625319
0.010333409434547126
0.01033894721381735
0.010336371120249871
0.010334490159090005
0.010337789979434447
0.010339279542292896
0.010336538730650255
0.010339705734559805
0.01033738507234519
0.010338045592133952
0.01033607904458105
0.010334966599744538
0.010334831056962706
0.01033547187144115
0.010334759366640163
0.010335962398733833
0.010333093084554762
0.01033176076921201
0.010334364627257432
0.010331905680545683
0.010334003673675823
0.0103358730102087
0.010338569539460805
0.010327588038353047
0.010333206762771795
0.010334254509889253
0.010335183227526964
0.010333188486718896
0.010336073542708414
0.010336528765806074
0.01033472790453497
0.01033750958986605
0.010331963931238003
0.010337110273785914
0.010336967550906608
0.01033820444871687
0.010335537500482777
0.010335328178818371
0.010337269522261994
0.010331226838598944
0.010333380124012236
0.01033180776258113
0.010338586807349334
0.01033056202796426
0.010333959924567355
0.010334021076805915
0.010335478679624328
0.010333177224785188
0.010336136221025053
0.010330587367315104
0.010335385811702647
0.01033278024776934
0.01033116849108596
0.010335533953465448
0.01033268460278513
0.010329346618193997
0.010331151950120828
0.010336602764456186
0.010334312706792316
0.010331103950124173
0.010329446408024716
0.010336114846710915
0.010332593780392073
0.01033455268064938
0.010334413753754825
0.010333058577977589
0.010330818541249624
0.010330149734841518
0.010331634555024283
0.01033118226420958
0.010329130182516064
0.010332037242922452
0.010334013991992269
0.010333607652571925
0.010334985837856732
0.010332111555087094
0.010330453874672404
0.010332794801605613
0.010331556950957076
0.010327305334309736
0.010332143604263613
0.010333043228060302
0.01033502844202243
0.010332574917267847
0.010332886532268706
0.010328997857868671
0.010332399287657572
0.0103349371416734
0.01032838127929287
0.010334023603364186
0.010330943522894933
0.010329970681160787
0.010332167050232589
0.010333040306535196
0.010336709746679064
0.010327534768545981
0.010326261512271248
0.010336979384543282
0.010331151089492705
0.010327754886482809
0.010333601978573666
0.010328077010367767
0.010327505335064218
0.010332319177010961
0.010325538799806003
0.010330426448298366
0.010333102854220781
0.010330876888762606
0.010335500050864794
0.010332311843229894
0.010329860520761201
0.010332808943569857
0.010332078666798156
0.010332812619681405
0.010331849481529333
0.0103294697218258
0.010330057859715849
0.010329258763431126
0.01032745359287207
0.01033429724314917
0.010328533238556125
0.010327455599979796
0.010330183385401079
0.010330808284406615
0.010329444108918161
0.01033079229977609
0.010330910035239982
0.010326275105585064
0.010331514497401297
0.010325448851872593
0.010325694253834167
0.010328416288415394
0.010329939962884184
