0.019370349127147655
0.014152995550470187
0.01297601308403137
0.01236119955815006
0.012010679349745854
0.011890008421645502
0.011626864718918753
0.011528701555266632
0.011437404768621371
0.011355503028867269
0.011300484028955301
0.011245720217576121
0.01125938600242728
0.011146440195294694
0.011179296720908224
0.01107247155036765
0.01109094496373788
0.011000108622358774
0.010979824601103961
0.010968818713483637
0.010956306502272193
0.010918116196990013
0.010955623569268205
0.010862567975330275
0.010842458461795506
0.01081838137270397
0.010816109600314016
0.010784291192003996
0.010756047267356132
0.01074276928768398
0.010709140256121017
0.010698352533119052
0.010696409340861803
0.010646003126335813
0.01063515115283405
0.010602866356313327
0.01058703597801009
0.010563397512651316
0.010537871042813602
0.010519928351143012
0.010503048335414121
0.010457441948428013
0.010462160160758904
0.010450021492889022
0.010400136090544585
0.010412972912241523
0.010376552691554079
0.010373966208975701
0.010431428409178461
0.010335864170328422
0.010323235777394213
0.010317982554054595
0.010311803064330577
0.01031463653181154
0.010287463001095423
0.01028734322932392
0.01026303465893068
0.010256464673027937
0.010248078435979071
0.010241598213589427
0.010219386250100318
0.010213687416571792
0.010204379130216322
0.010196901137076884
0.010228229299335196
0.01018624247140912
0.01017205891423788
0.010164470897477256
0.01017045860390852
0.01015674889321276
0.01015773765656716
0.010155737695127431
0.010140079245733546
0.010300918525275421
0.010128531721804794
0.010117695605376176
0.01012012630196983
0.010115570777553831
0.010131516815055617
0.010112560845960681
0.010101686022782287
0.01033269508554302
0.010103915538331463
0.010090297407688874
0.010082876483414925
0.010087411165262017
0.010118264108650361
0.010076134642370956
0.010073766493462886
0.01007832112805088
0.010080043954940715
0.010130596065912212
0.01007070083005151
0.010060330029122114
0.01006390915095511
0.010094652084553792
0.010050726491994786
0.010050145260645415
0.01004728035718547
0.010056736919008467
0.010046806576793934
0.01005520203485839
0.010044340442300532
0.01004718176916045
0.010039673045449721
0.01002543010186441
0.010036293816792689
0.010153172165770144
0.0100194161278334
0.010022135937076198
0.01002050009356326
0.010010262127510786
0.01001538253595235
0.010015440131952562
0.010004976579901015
0.010009925963092756
0.010009870057612067
0.010144148318545751
0.009998406305073117
0.009998116748278389
0.010001877957506247
0.009988622540122408
0.009984918212266054
0.009999562337650324
0.009994443091056725
0.009991962321274745
0.009984385712447242
0.010140896765607418
0.009986322456140919
0.00997338955146153
0.009987599960230168
0.009983267801085322
0.009978126654579695
0.009976599067326623
0.009982291209471502
0.009980897039556168
0.009966397322960223
0.009986119682934417
0.009970620586521456
0.009974266708253732
0.009961926061721525
0.009970819411596448
0.009962039052972896
0.00996635190638477
0.010142672806978226
0.009967264044636449
0.009951767877432773
0.010011331688477457
0.009952115955402945
0.009937292263034744
0.009951008548314618
0.009964091340602428
0.009944816461146469
0.009949870590464805
0.00994785456140541
0.009945852039597018
0.009951589871874146
0.009943474443758479
0.009946362773208532
0.009946059802909791
0.009944860179518218
0.009938974139394343
0.009930923953037648
0.010079595002133658
0.0099403381396835
0.009937321335360063
0.009941862751622208
0.009931680512777452
0.009926569160910035
0.009928300311303276
0.009939087889842664
0.009941830387394322
0.009929214389041902
0.009947457659694523
0.009925417073390666
0.009921357090962996
0.009942684411732081
0.009919588730698176
0.009930074614512644
0.009939827258535738
0.009913032723855067
0.009928423699249726
0.009915746308912341
0.009914649868685224
0.009903771201880162
0.009910423546820486
0.009914724233102287
0.009920446180643226
0.010082963073361826
0.009924933245165808
0.009904920667557432
0.009909282418478145
0.009896714062039609
0.009904409005697017
0.009898058624427901
0.009901124888742127
0.009906612084594497
0.009905230081809236
0.009956991252344925
0.00990002599265119
0.009843824941529692
0.0098406764257564
0.009839049890858702
0.009841673721623893
0.009843860319492841
0.00984877414030112
0.009844489722964492
0.009840595314629597
0.009841625332807746
0.009838753876279388
0.009840977897640109
0.009839667016548096
0.00984011969157178
0.00984096204671431
0.009843765356863784
0.009839214083335974
0.009848102811945252
0.009842207953456802
0.009837376153582197
0.009834321266464373
0.009833710892095228
0.009834734146658442
0.00982880685785816
0.009832030045415703
0.009835726364820016
0.009831649577091433
0.009832331615656909
0.009836662559164534
0.009830204387296839
0.009828189560043143
0.009829126667268205
0.009828870739517334
0.009831044103692073
0.009828231647831968
0.009825309068456342
0.00982678244843243
0.00982952091793711
0.009841580514061471
0.009824725934504086
0.009823284446947252
0.009815414234836011
0.009823313868134328
0.009825737549071954
0.009814794146126942
0.009818764726197955
0.009820250806586184
0.009825955521585819
0.009822229854762554
0.009817275214055092
0.00982090452433911
0.009818719409516837
0.009822410431447694
0.009814988150147617
0.00981378209509767
0.009817567165240203
0.009818306097471871
0.009819262971480688
0.009818632201761893
0.00981627474154773
0.009814601280901692
0.009818201191514338
0.009817120201098841
0.009813104468788152
0.009812416799255822
0.009821129105247484
0.009811857935016599
0.009810376604988237
0.009811514111008286
0.009812020962572235
0.009806927109118735
0.009808496269320595
0.009807650487033939
0.009810264168534637
0.009811190039952202
0.00984883046072751
0.009804901487129454
0.009806393319894574
0.00980437177205735
0.009802457532252219
0.009806823633955453
0.009809881087589284
0.009807222562752935
0.009802962871569612
0.009800448958383928
0.00980542195044925
0.009800617575411848
0.009804792119737211
0.009802030909671248
0.009807215823727374
0.009806186403378402
0.009802492956320444
0.009800354943982643
0.009808039681512629
0.009801777565341578
0.009798647613009505
0.00980497362928176
0.009799811269829768
0.009796196883759482
0.009796501227989547
0.009799633731469266
0.009798875544220209
0.009796030029482377
0.00979803684982087
0.009798894806921777
0.009796048709723127
0.009798995083929484
0.009803111873960534
0.009798540623102448
0.009797933789603289
0.009796014753333216
0.009791629668632553
0.00980185307931192
0.009791920766873722
0.00979051750042651
0.009795588597950369
0.00979211277147085
0.00979390480976687
0.009793154388149776
0.00979223078356521
0.00979102996144161
0.009793495318296031
0.009788634828768253
0.009792310380908621
0.009790949457364998
0.009793524576578498
0.009790225830482373
0.009788994717322561
0.009788744597274674
0.009788632472798769
0.009792262105818334
0.009789285274597482
0.00980408680886522
0.00979236378134674
0.00978960385146511
0.00978289745907874
0.009792546080824959
0.009790510467865285
0.009790070835968154
0.009785094287664485
0.00978598786093811
0.00978453187333426
0.00978847059479641
0.009781807216910934
0.009786182270683471
0.00978702169046937
0.009778154101038333
0.009787765097967272
0.009782284567372339
0.009781033653618381
0.009777205625837884
0.009779399449909382
0.009781367950780754
0.009779203836821487
0.009780278827429507
0.009779885586461808
0.00977853146495402
0.009782081875618142
0.009779442120159026
0.00978680429734265
0.009777814481813129
0.009777215893438744
0.009779523510989969
0.009808598467373218
0.009774912457618088
0.009777497022225223
0.009777979849969889
0.00978108583380877
0.009779759971640094
0.009788398157571605
0.009776112100988528
0.00977115025866789
0.009767730110217341
0.00977715057637481
0.009778970744915724
0.009778101877816537
0.00977936915118899
0.009776135739061994
0.009772963434605314
0.009773842653831338
0.009778416036280862
0.009770401393865594
0.009775886983724415
0.009770132513661491
0.009809866418490316
0.009774077553056155
0.00976651589303176
0.009765905885966403
0.009769316937885072
0.009766910664688046
0.009769575121711092
0.00977134809863105
0.009772926398396197
0.00976959551706074
0.009771345429147038
0.009775295967340666
0.009766359948752934
0.009770061167590197
0.009766166421151396
0.009767694097540953
0.009770199893159245
0.009736647877055329
0.009729796505714506
0.009742009431959773
0.009734869181568866
0.009741795850186164
0.009736179607757444
0.009734174694632343
0.009738085333491513
0.009738899400095046
0.009734816764705743
0.009740329825506844
0.009739144895803614
0.00973842047898732
0.009734000890783153
0.009740264420843261
0.00973499345934332
0.009734565716408955
0.009736106835502406
0.00973524428018839
0.009731057459617606
0.009734899103764457
0.00973873774032339
0.009735569742080992
0.009729704455389539
0.009726532674993914
0.009733440363687455
0.00973212084404067
0.009732997607402873
0.009730469810441383
0.009738466126088164
0.009731669052697645
0.009728102700434404
0.009733010814970869
0.009732067004067473
0.009731722848102599
0.009734900207212656
0.009732459064745175
0.00973174452671025
0.009728956557257046
0.009732915119271074
0.009730341318662804
0.009731637029647335
0.009734221460549745
0.009728015048533874
0.009728202221318833
0.009733462086863348
0.0097266049231879
0.009729403234010088
0.009730945518025176
0.009730535417967307
0.009725174218071963
0.00972679532486515
0.00973074889984658
0.009729139732731746
0.009729631772270986
0.009723245040221576
0.00973010590459795
0.009729936307068705
0.009726766785821898
0.009729648385467407
0.009724883596249933
0.009726189789992354
0.009731410335589557
0.009728041652700688
0.009724200062343095
0.009724568747746276
0.009727639974503726
0.009722050088811236
0.00972633079776276
0.009723905530810454
0.009730664794963382
0.009725892167882656
0.009724723842154831
0.009726761582095435
0.009723150131381777
0.009717346371916851
0.009722657231214417
0.009725627716839706
0.009726358399336095
0.00972277278283445
0.009725610324467468
0.009726927598796956
0.009722080030985692
0.009726633944797634
0.009725916096418112
0.009714288818388685
0.009726790354737747
0.009722922701179589
0.009721536651905319
0.009725986594155972
0.009722349227778
0.00972690343973611
0.00973212097159805
0.009725669758523455
0.009723553785949749
0.00972075685366939
0.009721066862676698
0.009721660550081297
0.00972203173899021
0.0097210250668867
0.009719985806177257
0.009724394212363183
0.009717804401276921
0.009723718686908385
0.009719531414507836
0.009721026580670093
0.009719960254743056
0.009719773269452081
0.009720175505520488
0.00971789008602746
0.009717083196447726
0.00972137737269252
0.009715184381864842
0.0097169201950183
0.009714471331487099
0.009722953991159158
0.009717526184794533
0.009720261231765594
0.009718620733176619
0.009713876456108326
0.009719017860802388
0.00971821040720387
0.009717921604995582
0.009712331883744537
0.009716559986802119
0.009720569667052908
0.0097158672964268
0.00972195088758868
0.009716257271618144
0.009720910949134591
0.009714498896176371
0.009711172245750235
0.009716841864027697
0.00971773357926668
0.00971700902874566
0.009715938456540946
0.00971033781453377
0.009717425953891903
0.009712008135423998
0.009718048719769166
0.009714808467185438
0.009714074429776213
0.00971201953567294
0.009716705723416687
0.009711691287496793
0.009713277726345036
0.00971230565456569
0.009714539404097859
0.009713839536698738
0.009711549981580218
0.009712255564472168
0.009711964705977405
0.00971433838288432
0.009713438862055638
0.009713960643980665
0.009712876636756233
0.00971050554327052
0.009714956014192734
0.00971466805724421
0.009708449335172526
0.009709727458606656
0.009715077407326144
0.009712917415160846
0.009706941636113247
0.00971676093578437
0.009709964251213342
0.009708205261037196
0.00970887201269566
0.009711222873736334
0.009708276965191262
0.009707526786394246
0.009708628109149119
0.009707756309766974
0.00971381403751696
0.009705745911674432
0.009710130327851466
0.009708881665562148
0.009710872004872109
0.009705433763391507
0.009706245890508095
0.009709640178620423
0.009708747570479763
0.009708623137484879
0.009710089623214978
0.009712432114647167
0.009704803597649234
0.009706848543813519
0.009709136794158335
0.00970621930170964
0.009706503739303882
0.009706844438924746
0.009704435354854801
0.009700443909162342
0.009710174564136923
0.00970723988371517
0.009705954792266927
0.009707569326012834
0.009704184174390123
0.009702508371606125
0.009708481986788732
0.009688349543661863
0.0096912089805964
0.009687234831992353
0.009688822311278518
0.009689852592255613
0.009686895223525
0.009687716779130029
0.009687447222718115
0.009689102315101096
0.0096898171558927
0.00968644220271323
0.009686545348993622
0.009688551330219695
0.009686886525033626
0.009686700357339366
0.009687185693200272
0.00968112981887442
0.009691482990758844
0.009687874220287052
0.009688344850164928
0.009686297661757017
0.009688534351256323
0.009687756348044762
0.00968626017525497
0.009684047398922762
0.009684314273555976
0.009685139185610678
0.009684488666013326
0.00968780406372677
0.009684083136505518
0.0096827697488341
0.009687838305968165
0.009680930380601891
0.009686831583149067
0.009687694252188942
0.009686078058660227
0.009688998609412424
0.009686226583095175
0.009682356123274604
0.009688049710045258
0.009686193390512722
0.009684871052308837
0.00968274574960419
0.009685824170290637
0.009686579646561111
0.009686166217716613
0.009685964022360423
0.009681740947830008
0.009682228813322858
0.009685039878346444
0.009687397449212794
0.009683633215491823
0.009686514389433779
0.00968409475959567
0.009683474071520587
0.009686512354663005
0.00968150026549158
0.009684501845918276
0.009685366308445683
0.009679413051728663
0.009680929811972596
0.009683150967134305
0.009683220192372012
0.009685768484577487
0.00968493403491899
0.009687492081422125
0.009683086682824117
0.009683841081772603
0.009681276626663633
0.009675472466084528
0.009679932310169089
0.009681760205921068
0.00968469573313942
0.009682071103219546
0.009676973444560278
0.00967956233228689
0.009684549337222239
0.009678582866789878
0.009682197194460397
0.009682124472920946
0.009681574798960596
0.009682270209535514
0.009681377369332628
0.009682464302692673
0.0096796918091773
0.00967588865816003
0.009682144202820637
0.009684781961929876
0.009679475710066434
0.009681297761231366
0.009679901078589286
0.009677938084201058
0.009680347656984828
0.00967820817389504
0.00968013838910968
0.009680937732824989
0.009682404947015319
0.009681124273970379
0.009675837509186552
0.00968029495580706
0.009679455801893775
0.009679891096839909
0.009679968634823172
0.009678259889960978
0.00967983964972026
0.009683233587433993
0.009679543410762898
0.009678628444733104
0.009680900478385168
0.00967773153959918
0.009680328343567675
0.009679015655156607
0.00967793963947902
0.00967640501351738
0.0096800881468694
0.009681040136813625
0.009682192920519672
0.009677287457025188
0.009678257971989734
0.009679304534206689
0.009679625779021494
0.009676361828427701
0.009679369371777812
0.009680429737855106
0.009678650747296146
0.009678427103857691
0.00967515285799999
0.009675732590934329
0.009676964795247654
0.009674903122161087
0.009676009800789183
0.009680729742060499
0.009676603617288
0.009679066705772586
0.009675532710053052
0.009677674390818222
0.009678728995297608
0.009678238529478363
0.00967799991111059
0.009677802264788756
0.009678647964086273
0.00967906446813947
0.009675334834742665
0.009680334474006206
0.009677489764570403
0.009677739889228796
0.009674968639013692
0.009676380982013916
0.009678195013968957
0.009677686900662707
0.009676787965368517
0.009673957153540044
0.009676143805198248
0.009673630841777171
0.009673961541206628
0.009675882344838023
0.009676969359650373
0.009675544308553828
0.009677579752461548
0.009675826657588038
0.00967928347033341
0.009675655435623215
0.00967417214151853
0.009670010045564214
0.00967493735057096
0.009672484131646727
0.00967817670256883
0.009675837281734833
0.009677682900278777
0.009673581955026184
0.00967652597633673
0.009673738444881766
0.009676196781469651
0.00967413277546614
0.009677167368665486
0.009668663806487919
0.00967051890423589
0.009675512745017462
0.009673712621427605
0.00967387966473553
0.009669028609843538
0.009674816687434617
0.009671321413833218
0.009673940494238543
0.009677404001441235
0.009672111230702584
0.009675108843018906
0.009675116458040948
0.00967229396971588
0.00967077189355646
0.009677435442030724
0.009675117188038016
0.009674595286239786
0.009671037852235458
0.009671306966038623
0.00967323166401227
0.009674653062049803
0.009674287416508096
0.009675851990791535
0.009671287568095493
0.009661609746466572
0.009660397521020358
0.00966480394622477
0.009664013176517125
0.009666243930756062
0.009662290739983615
0.009661481460624009
0.009658262124377311
0.00966182186670921
0.009662000356371155
0.009662982200890189
0.009664341752039323
0.009665183650741581
0.009663330444838643
0.009661172336834197
0.009663616397753112
0.009665363909301682
0.009659516983189106
0.009662474809896827
0.00965951671731649
0.009663936061163744
0.009659871818626872
0.009663264133441861
0.009663807580143017
0.009661300599624221
0.009660374502291773
0.009663998157019564
0.009659141300571928
0.009660463703322922
0.009659626873105568
0.009657267614793364
0.009663526477482748
0.009664086800179269
0.009663791646228076
0.009664107502896105
0.009659483898185169
0.009660653564033925
0.009661157194389761
0.009663731084134515
0.00966164060305841
0.009661393647355706
0.0096615923740732
0.009666424885502841
0.009664235101773007
0.009662653483979084
0.00966116606500676
0.009662907183317854
0.009663169885441513
0.009660992471704094
0.00966281094357814
0.009662084037087636
0.009660984716829982
0.009658638383307964
0.00965265857621339
0.009662103150716118
0.009660939558442964
0.009661830044213202
0.009658965420457397
0.009659748444511946
0.009662048855839487
0.00965961082085426
0.009659532950914438
0.009658610053274399
0.00966163472466097
0.009657977523878463
0.00965927531420201
0.009660972305342998
0.009658042135534704
0.009664083869433147
0.009656989117069999
0.00966119194532385
0.009656045710354453
0.009663393273765203
0.009658285390536482
0.009659111295387199
0.009661588169290091
0.009660301653194939
0.009660290710923105
0.009659279190102229
0.00966038631594958
0.009658931255057799
0.009658010613492909
0.009656478097607004
0.009661706491825309
0.009660464118268623
0.009662771858766725
0.009662408547678797
0.009660120718427027
0.00965874317553964
0.009659133713212933
0.009661009072605828
0.009662431904511286
0.009661111491962825
0.00966446731307178
0.009658068816543314
0.009663143521021106
0.009658887482896792
0.009659919099384311
0.009658343997774738
0.009657811988206587
0.00965529857141891
0.009655383094321481
0.00965939352608504
0.00966037640796833
0.009662087433495045
0.009661418604034402
0.009657616073898848
0.009657957360591038
0.009660358316335741
0.00965859361681411
0.009658553300997113
0.009658000290565955
0.009658253201507892
0.009657234818714581
0.00965780795247543
0.009656084570787822
0.009660773418794568
0.009655804314924151
0.009658149342135628
0.0096614114270106
0.009656990701547845
0.009659123946620588
0.009658264073085274
0.009658382200442328
0.009657772188766463
0.009658354336070051
0.009661656098975109
0.009659623770233822
0.009659736036098633
0.009658725500389589
0.00965845686761607
0.009659276445313255
0.009657417921957994
0.009655464489762932
0.009656838819126386
0.009658002898576531
0.009658036470757459
0.009656718136011178
0.009656590661617986
0.009661396711806554
0.009657798362619216
0.009658946726385122
0.009659438507735926
0.00965892896517226
0.009652237686030444
0.009658046558548515
0.009655443699446448
0.00965516560744777
0.009657052334816051
0.009653472822626727
0.0096588791686144
0.009657761775166189
0.009657844495360213
0.009656745219670802
0.009652043866430081
0.009654811346786644
0.009658659038382887
0.009657052239532223
0.009660208347275018
0.009653947857076382
0.009654624008023404
0.009650348327599048
0.009653255378784422
0.009656328890816902
0.009655337817598097
0.009656489422550985
0.009656330670472911
0.009655325004996934
0.009655078640976067
0.009654317346244756
0.009656760248389377
0.009654301274014582
0.009656125333824076
0.009654835521215849
0.009659829690880311
0.009655870855309487
0.00965481722672092
0.00965620133343457
0.009655634808068228
0.009656451422745738
0.009655661266235628
0.00965582371747779
0.009653709941042631
0.00965564613608588
0.009657554468293689
0.009654424746487008
0.009652632291708449
0.0096516599417618
0.009651293546244158
0.009655862510290379
0.009654291651884812
0.009654659568870029
0.009653962192681952
0.009656065908989103
0.009652604633272187
0.009654094415898174
0.009658274177781525
0.009653241043178851
0.009657527366192034
0.009653023757630646
