0.021557456374217576
0.01488245867512407
0.013421213131385668
0.012731560668831217
0.012316084476095616
0.012079492598624514
0.011839611806196741
0.011658791323552038
0.011518122929551027
0.01147350615117908
0.01136887572066422
0.011275638162278303
0.011245321752903091
0.011189381582754673
0.011147173874621148
0.01111699525180823
0.011155252025244457
0.011040489429073168
0.01100398479613534
0.01097747758522679
0.010954139741881452
0.010916680337326361
0.011008323914073284
0.01087070520500047
0.010845013848035642
0.010839488126780136
0.010843361829324523
0.010780840660307076
0.010757276278124391
0.010743696608337829
0.010706638265708493
0.010697407903082103
0.010672879423761722
0.010649286275084066
0.010838132557572901
0.010630561343145252
0.010559592226968936
0.010510068601950168
0.010488421877495723
0.0104560820945222
0.01043376065606233
0.010407514043349048
0.010393931309111638
0.010387839356025453
0.01034745302592272
0.010334222534480858
0.010322824981149668
0.0103119080425194
0.01028179250989515
0.010277868617362905
0.010456076448186986
0.010264725095466418
0.010245385272397657
0.010236958256944179
0.010238597123413393
0.010229219871545486
0.010218734937495623
0.010216568292367577
0.010218105008426083
0.010199410893121371
0.01021726464194925
0.01018244350212242
0.010184019127793044
0.010385490182430634
0.010208438851381882
0.010163517180129443
0.010162952119367744
0.01014574099848471
0.010156447034046398
0.010191653993460212
0.010162907225316507
0.010131840898406387
0.01013240893448245
0.010133509081557836
0.010130671630598137
0.01016938917049923
0.01011355543084959
0.01010786221599323
0.010107046893794741
0.010106946143441566
0.01034871464834945
0.010094305946070565
0.01010271446416677
0.010093188627927316
0.010113610335850086
0.010118874015821384
0.010082260720899003
0.010078225151110108
0.010077307913636807
0.010073907983799776
0.01006892009364693
0.010074821594340278
0.010069082892214013
0.01006910736017888
0.010062366960687016
0.01006511218304878
0.010063183054377143
0.010099872467246387
0.010051417378124722
0.01005888097111148
0.010047619910326728
0.01004076333986995
0.010051047158959282
0.010208903667409428
0.010087839326215754
0.010045988568206234
0.010045404012680743
0.010036889120948689
0.010036170591750848
0.010034105202595
0.010030197917111832
0.010031502678523166
0.010034603340299215
0.010047479760110771
0.010017514966502048
0.010024390613703247
0.010020082837997293
0.010024914693197991
0.010014238054234006
0.01001507436346398
0.010014069392637845
0.010018228831402834
0.010016886646499728
0.010005253860450323
0.010007240139439752
0.010080149569379615
0.009999100982577298
0.009988265417872778
0.009997104555860212
0.009996874875730217
0.00999194270202724
0.009989855937020417
0.009994291423792295
0.009983337130827873
0.009991647586496946
0.00998305786161287
0.01035255851476106
0.009981039484268171
0.009973927030628762
0.009977501770942518
0.010148518137855105
0.009973995691847683
0.009974175261905287
0.00996775946060423
0.00996880769028817
0.009971041521272643
0.009977584136127442
0.00996786606476547
0.00996587134700994
0.009973238280700772
0.009972774019470998
0.009988665795906543
0.009971167060789397
0.009968218043225237
0.009964318097670479
0.010223905014937664
0.009986916414028641
0.009966383851056445
0.009972330161275054
0.009966708187985144
0.009966419625523264
0.009949069636145442
0.009963678417376953
0.009972041273003954
0.009961165745954702
0.010020589721834797
0.00995203969145667
0.009950221061288523
0.009950639796827492
0.00995190134855977
0.009951800051093003
0.009957089236393423
0.009946642607979157
0.009950462882422378
0.009955770416006987
0.009953680626507049
0.009950212768521836
0.010144478011347673
0.009971668731679421
0.009937807845363621
0.009932951758870788
0.00993189907850999
0.009928802578485642
0.009930415294154643
0.009939377008639153
0.00994317881185131
0.009936826595600091
0.009939721499634261
0.009927344068934028
0.009938678418350692
0.009939374119387601
0.009939206189325344
0.009933843065311414
0.009935544367277189
0.009933609942668932
0.009925382832686106
0.010062234906522747
0.00992834923340149
0.009919543498543033
0.00993130788385327
0.009874696794147342
0.009873873283687008
0.009874910438931224
0.009872896211043541
0.009875180528625207
0.009874313926822182
0.009873263739209265
0.009873278783296201
0.009873731908612814
0.009875454136136637
0.009872775855274385
0.009877282137930295
0.009875814608688598
0.009868664765367807
0.009874087681520496
0.009869726742049157
0.009871157728406068
0.009867420927206478
0.00987020507147505
0.00986443780417932
0.00987452276438327
0.009862524191403252
0.009863739393700664
0.009862700371200791
0.009862623306562995
0.009860407141507557
0.009865532252667073
0.009868386338338895
0.009862338573896255
0.009864138048941349
0.009859395351740394
0.009859247266840522
0.009859915413946011
0.009869290478896387
0.009858613274376779
0.009861242871350385
0.00986124690400787
0.009854042330885878
0.009859115231118284
0.009861362065271577
0.009863579075586775
0.009856891982786038
0.009856428594479072
0.009859019506218607
0.00986359928036877
0.009850748293655048
0.0098598370783449
0.00985325863369719
0.009851179838721509
0.009858030962631745
0.009855757799405273
0.009849328575379188
0.009856756029669012
0.009847656201276154
0.009847943483553704
0.009858163405615504
0.00984588475965529
0.00984373956107267
0.009855344038604214
0.009855793730629355
0.009843938833366919
0.009847513043472278
0.009849583703975375
0.009850011256342084
0.009849750035728263
0.00984218389429029
0.009846898883876234
0.009846906555761205
0.009847329170274066
0.009851626327980569
0.009839923225539943
0.009842205036542203
0.009844474076437872
0.009844852743590428
0.009840506580796573
0.00984254643388658
0.009842506457710325
0.009846609319397326
0.009841708739967432
0.009843122791929214
0.009843461124822744
0.009843141682716485
0.009845265952667387
0.00983599674804966
0.009838978747649751
0.00984196876031239
0.009841871627670999
0.009835190069016451
0.009840688422297683
0.009836119370651816
0.009841425719335922
0.009836059371040205
0.009833125688024972
0.009839494472904371
0.009844279854186493
0.00983966029442773
0.009840752207136193
0.009832365970087327
0.009837748335287123
0.009835284811877969
0.009838464267232236
0.00983301158256755
0.009834351841815234
0.009833319854950257
0.009835507533214863
0.009835460509109025
0.009832484672221021
0.009838348531191893
0.009833132476229281
0.009834662740650547
0.009844269534333212
0.009831536957754357
0.009829721124627606
0.00983216959472881
0.009837542602134616
0.009833539877603254
0.009829424624408138
0.009829644258241645
0.009837016120565312
0.009832992774769417
0.009828019581378588
0.009829254054061749
0.009831322882656413
0.009832806553285901
0.009831339297601
0.0098287379169351
0.009831442600638658
0.009827921557372356
0.009831518783132629
0.009824538628014402
0.009824714844696002
0.009837428737960436
0.00982685029359147
0.009821990151388614
0.009820717995488408
0.009824265747426366
0.00982752295592093
0.009827206559823488
0.009828319485689645
0.009831883555751528
0.00982541478893692
0.009827597999619474
0.009828091084207147
0.009826859385512842
0.009822783484538593
0.00982111731310538
0.00983182819738443
0.009827332986094573
0.009822244483903788
0.009821971337443138
0.009821909874763722
0.009822674573586621
0.009821343544575542
0.009824413346686083
0.00982056760072413
0.009822570525183537
0.00982412615969236
0.009821309076419265
0.009819927208875567
0.0098176320658216
0.009819738971063308
0.009820977911328521
0.009816482137556714
0.009820192755682536
0.00982021317562156
0.009824112245179836
0.00982311825965694
0.009818117575344964
0.00981995819917213
0.009828822306132946
0.009818042828255755
0.009818758216160949
0.00981574140107966
0.009816256049012291
0.009818399404928629
0.009817515555215945
0.009818547434502407
0.009813849841899211
0.009817618818295867
0.009814374118108954
0.00981873205613972
0.009816549137455992
0.00980848430812654
0.009818259709616108
0.009941764171281368
0.009821460557726546
0.009810314469174682
0.009811585987287976
0.009813080076128244
0.009813787764485422
0.009816981420203699
0.009816484199990533
0.009810828737508838
0.009817772438878766
0.009814275491663036
0.009812208075420593
0.009811207559881824
0.00981685881758041
0.009808558228398018
0.009821982496408838
0.00978271229647518
0.009786053211812433
0.009782590134923804
0.009781938596404229
0.009785088851875795
0.009781576170533797
0.009784609411317523
0.009787185858357268
0.009781721642812585
0.009783566385360048
0.009786237212568029
0.009780326945762528
0.00978228989711935
0.009779570243096981
0.009778185779837394
0.009782215600323068
0.009785346385620215
0.009781228203215812
0.009783599405816875
0.00977994530944295
0.009778771283590657
0.009781146422028542
0.009777818200956084
0.009781359888539455
0.009780150899669715
0.009782439429718669
0.00977872688747426
0.009779708532204624
0.009777654063804904
0.009782590981720402
0.009781313605188536
0.009774970608416072
0.009782339392457366
0.009777398896787819
0.009776959589163069
0.00978119310956731
0.00977898615938012
0.0097786360819864
0.009776411121618925
0.009779519667363304
0.00978100509152259
0.009777687207208608
0.00977784150246248
0.009778822418732612
0.00977795078071824
0.009774172060781777
0.009777986951688728
0.009775636072206025
0.009773786182795027
0.009776519462404766
0.009775514271811094
0.009772007704002432
0.009776411940752476
0.00977760784346426
0.009776964470153988
0.009778100961862322
0.009777007329434451
0.009778634947801483
0.009773696068883335
0.009778601129726805
0.009772665219276947
0.00977715094675227
0.009776980410216272
0.009775996409516425
0.009777605020296651
0.009775841799211187
0.009775527476305418
0.009774674875077733
0.00977333531816407
0.009776867621827244
0.009777835521097034
0.009774491599708697
0.00977592280890682
0.00977347456779417
0.00976994646737727
0.009775923528146036
0.009774759484043117
0.009772292057070697
0.009773225111659407
0.009775566070866172
0.009774433504236808
0.009769652118728106
0.00977068874991127
0.009772821068271945
0.009771477543247907
0.009771431740926633
0.009775264629719182
0.009771354413489895
0.009773717201914233
0.009774790305287728
0.009771378701644958
0.009777981150133086
0.009774082472467973
0.009770214557647705
0.009772528098164613
0.009771966590567588
0.009772680881171926
0.009773554280400276
0.009768721569181965
0.009774231668500223
0.009776411684100875
0.009766997546633772
0.009771718897183639
0.009774228642470274
0.009772244147747362
0.009768954259973548
0.009771563669070355
0.009767966177437467
0.009770198105819056
0.009769104215202749
0.009771229284308335
0.009772192702164548
0.009767184803944708
0.009765798851491102
0.009770406324035264
0.009767627904480538
0.00976771845639047
0.009768447950912683
0.009768371101431918
0.009770295983825875
0.00977208263704879
0.009770326556103064
0.009770489265533661
0.009770758311716046
0.009768968142212519
0.009765825504836666
0.009766265244312313
0.009768723725362777
0.009768650874729105
0.009767315691650505
0.00976836092757805
0.009768262325721507
0.009765319558469081
0.009766440357545716
0.009770419949622635
0.009766157390703462
0.009765634801939573
0.009768412542212815
0.00976681052599557
0.00976744872170559
0.009768382409470703
0.00976739119178932
0.00976656966692101
0.009762320403169484
0.009768388461530601
0.009763609826958218
0.009765112675763297
0.009764732476385317
0.009767357814786557
0.009768363119106088
0.009767413901613883
0.009766228598459522
0.009762688489206651
0.009760128941214813
0.009765833127542888
0.009763976443780235
0.009768497962627572
0.009765398966781672
0.009761868384374742
0.009762510053333964
0.009764498474672683
0.00976350516843127
0.009766952646435192
0.00976117608435575
0.009763226057510368
0.009765352196253763
0.009763629231048693
0.009764397609056813
0.00976318183659327
0.009760620876249208
0.009760605952035475
0.009763309086608414
0.009762136831191114
0.00976585916922775
0.009764739389073337
0.009766460548496187
0.009767493777124598
0.009760211787429383
0.009763708106079216
0.009762430331506844
0.00976676412277145
0.00976575573863271
0.009763277894986344
0.009766716589972918
0.009767045457493944
0.009764880387622727
0.009762558537433939
0.009759341394252117
0.009764307796364963
0.009760950974775816
0.009766659448876142
0.009761278970910869
0.009762150925513443
0.009763096216389842
0.009760837714578157
0.009762668447329266
0.009759976414859099
0.009761885364874951
0.009761630465267318
0.0097610718192588
0.009743173955555502
0.009746784825345176
0.009747103543601709
0.009746244498420962
0.009748615216918707
0.00974461349901488
0.00974430977259286
0.009750545539711863
0.009750132073983304
0.009743347020186607
0.00974639183641857
0.009743540908944586
0.009745216880780536
0.009744724510821572
0.009747946104680253
0.009743088804087034
0.00974264533471058
0.009745155401195926
0.009741175217437174
0.009745499131457247
0.009747126135089905
0.009744252345644602
0.009744215630634193
0.009742493713551228
0.009740116477332297
0.009744637184730261
0.009745225795965777
0.009746924004280823
0.009743948977305354
0.009743390288265428
0.009741877978698353
0.009742240927093002
0.009741600811874905
0.009742702157682318
0.009745153958106986
0.009740959127547324
0.00974270683734773
0.009744628669122363
0.009746729407041478
0.00974368965775758
0.009744164032904621
0.009743507356742526
0.009743017064585741
0.009745999008859738
0.0097436090138289
0.009741938193466994
0.009747087170151693
0.009744856626459278
0.009745037982320235
0.009743038174564098
0.009742519870498786
0.009742935014452182
0.009742919607671967
0.009743146105014746
0.009744167957983592
0.009741907220075625
0.009746024425052378
0.009741981549145464
0.009739197183572518
0.009740337108572325
0.009733826688893459
0.00974351420795711
0.009741853418523329
0.009744462326611622
0.00974320761072557
0.009744269533617662
0.009743304179348175
0.00974462363137418
0.009744719024317295
0.009739555871857963
0.009738822787287015
0.009741216381587604
0.009742990878438301
0.009737680280402844
0.009744841152058282
0.009743031770568771
0.00973994346956412
0.00974349570137882
0.009741907432158985
0.009741200300136416
0.009743010403938813
0.00973307372688657
0.009743369567106561
0.009738456699136559
0.009741667545901568
0.009742773479164238
0.009741314376393953
0.009741815427939097
0.009741798599585644
0.009737095503572978
0.009740767811452694
0.009740325388661509
0.009742223946592792
0.00974091341589937
0.00973981581689796
0.009737422520743541
0.00974048143744518
0.009739994600095567
0.009744177435650783
0.009742205407740947
0.009738445099098946
0.009740265212313767
0.009739622203233612
0.009737811403244537
0.009739300627999081
0.009744085532862067
0.009739777684924823
0.009740734402176375
0.009743583679088567
0.00974167858345723
0.009739359398141946
0.009739306406502184
0.009744079920337243
0.009743022813888962
0.009744472970737286
0.009738903105406477
0.009743321295089947
0.009741967880526687
0.009743831615292593
0.009742805974023177
0.009740295483371113
0.00974027453476053
0.009739711018518941
0.009737362591826384
0.009741668177541137
0.00973398730054301
0.009741440967106484
0.009739724705579749
0.00973610071428489
0.009737682596414592
0.009739273292298364
0.009740889118523291
0.009739978743022425
0.009737292610465399
0.009737111022542216
0.009731868578569822
0.00974005039799774
0.00973487530739689
0.00973990184436291
0.00973617665856929
0.009737274116181796
0.009739925467068016
0.009738405112164839
0.009735822866643123
0.009735241558451955
0.00974018463139536
0.009735724068071583
0.009739283599856959
0.009739732572642884
0.009739173768340263
0.009738034799252407
0.009738577666566415
0.009738415544207143
0.009736209616015847
0.009742511012176476
0.00973652536510536
0.00973524683748338
0.009739285909721363
0.00973843718746757
0.009740537720987506
0.009734311476103936
0.009740868288249072
0.00973380104217543
0.009736780496775219
0.009739130108368278
0.009740081658777428
0.009743430869955041
0.00973586201600165
0.009732508212758272
0.009740180761642483
0.009734487563691321
0.009739719369685394
0.009736280302784525
0.00973568454372509
0.009741164624027096
0.009735716685111766
0.009738778249781714
0.009736706367494052
0.009739236498909324
0.009740290537833086
0.009735157398242664
0.00973926493037406
0.009736925451140297
0.009741487027616194
0.009733821658829455
0.009737153611339555
0.009737115067494388
0.009737134526910956
0.009734660514596568
0.009741862083204312
0.009737608053724561
0.009736251545510572
0.009736364931728777
0.009738571576085618
0.009738877744539933
0.009729112552251458
0.009737538899181306
0.009733798274333917
0.009733433798324354
0.009738515086607277
0.009725090074767866
0.009727293201307259
0.009726834810790744
0.009726883271838179
0.009728227697448074
0.009726925619352277
0.009732917104863098
0.009724764426918116
0.009726963640673228
0.009726475397118739
0.009729390959301502
0.009729781155797219
0.00972583671115806
0.009725523470184787
0.009727456397914848
0.009730674343325026
0.009728582941684195
0.00972575962193089
0.00973049559701148
0.009726348475986484
0.00972658512413059
0.00972577243914256
0.00973073450737808
0.009728749659182903
0.00972637325439221
0.009727161851013848
0.009728891266319322
0.009728324817794778
0.009726058060100467
0.009728037569327618
0.009727589520180088
0.009724912685480449
0.009727533299648034
0.009725530677945307
0.009726967109311925
0.009725698789354205
0.009726492537449885
0.009729701503127715
0.009723174551704733
0.009725282380584836
0.009726445135282407
0.0097271438423704
0.00972633595845782
0.009729487040747118
0.009719482907355324
0.009730035406860089
0.009727040156660595
0.00972501060037133
0.009727189590902414
0.00972865428007131
0.009727193217835214
0.009719971624255279
0.00972771211358236
0.009723713815138481
0.009725773408886033
0.009720211246176915
0.009729875239356122
0.009726766767379868
0.009727136439431718
0.009728078489121135
0.009729106999663237
0.00972313749397991
0.009728750785683641
0.009730342883161783
0.009723519929454173
0.009730440144897393
0.00972465188749651
0.009723928835390522
0.00972409564048888
0.009720811956921722
0.009727009264721533
0.009724093828559315
0.009727285907483927
0.009726368023002698
0.009725385849600775
0.009730331083335498
0.009725222613035453
0.009728970734568515
0.009729374117116527
0.00972340638340503
0.00972571080741119
0.009721522686677208
0.009721420296520093
0.009727545531325214
0.009725380799557903
0.009726223795561015
0.0097267534199598
0.00972935344513641
0.00972261816177136
0.00972538606322097
0.009727800627647847
0.009721072839431636
0.009724682286111239
0.009730163526724372
0.009729139612858543
0.009722712535792254
0.009723882263114448
0.009720892494808722
0.00972452840887674
0.009719442231918719
0.009725723653822745
0.009725741345877989
0.00972559434444745
0.009725975089402187
0.009722459921459653
0.009723439655902952
0.009727912040568717
0.009725894623746475
0.009721623603008663
0.009723976944502529
0.009720254744781127
0.009724960396551949
0.009723488201476362
0.009725231552810068
0.009724902590005214
0.009724803480992812
0.009723675967479991
0.009724828997079786
0.009726488301930057
0.009721753728443836
0.009723897394801033
0.009723389315305173
0.009723964317858514
0.009725756454512034
0.009725765575633288
0.0097246837814526
0.009723985861224605
0.00972800448432368
0.009726607395956913
0.009721880757154609
0.009725404548283556
0.009723448086984873
0.009722837877057173
0.00972156130736417
0.009722745799069161
0.009726076881730123
0.009722158807658716
0.009721793352684664
0.009721808654960036
0.009724695469089861
0.009724657435474222
0.009727205374207433
0.009722671197979364
0.009724885246811723
0.00972026761731889
0.009724533443551252
0.009722506705819084
0.009719331562826441
0.009727583850792336
0.009726557233632104
0.009723511607487603
0.00972368909513252
0.009727252684164755
0.009722061771837988
0.009721730093444042
0.009723991993199973
0.009722919212562024
0.009721823379385097
0.009724192736246208
0.009722086147592702
0.009725764924014854
0.00972314090575568
0.009723323030034602
0.00972698381932901
0.009725296720800915
0.009725752633937908
0.009725685288250544
0.009725099610834821
0.009720223586969447
0.009723938804845213
0.0097238040627549
0.009725061907638909
0.009724651703076197
0.009726872526281344
0.009724600298987954
0.009725640629335204
0.009720360382272563
0.009723301557362965
0.009721908493969504
0.009724077651824299
0.009720773574444327
0.009726505399229798
0.009723052119670233
0.009719152310893873
0.009724496350479204
0.00972413520325627
0.009725628028817402
0.009723054833722489
0.00971863058890545
0.009719639269653524
0.009723746113282422
0.009723044968772642
0.009719579508251483
0.009725439789468306
0.009721919002853605
0.009724202147829455
0.009722245866340577
0.00972228866875811
0.009725748226292456
0.009722645037958133
