0.04381801912763921
0.021597473233593966
0.018486826966452128
0.01686981545373945
0.015883504560604545
0.015214958431033215
0.014657423766975356
0.014286646318219283
0.01405711895586437
0.013794602601859633
0.01346478591251983
0.013366434154509515
0.013162139133110692
0.01296691089966903
0.012875939135381294
0.01283813801843046
0.012656008308329204
0.012486909279482986
0.012539738229792504
0.012277694206943017
0.01238811407668559
0.012189020869927635
0.012165640898835737
0.012192775728949423
0.012068714995687157
0.011943127209990724
0.011918875302738286
0.011944032384838798
0.012193206983553891
0.011781585451965481
0.011795771246769837
0.011696970495994729
0.011654357797782807
0.011751193839060788
0.011724739461497899
0.011602131791240705
0.011693454710244149
0.0114929723651717
0.011917884473876395
0.01151553587219601
0.011487154554415851
0.01152790015065434
0.011454821674909332
0.011406945826934509
0.011409184200805996
0.011553173641929336
0.011395031798372764
0.011700612329954755
0.011434109438911523
0.011575466476798845
0.011319410590694683
0.011256263901789984
0.011294281239261721
0.011196630610392826
0.0112207047456857
0.011188139130819355
0.01128843501394633
0.011235758705255222
0.011279251733825544
0.011108935076017977
0.011108718326825513
0.011092933623286167
0.011051059614485837
0.011051372649523095
0.0113669936622035
0.010981508681286287
0.011001937733747975
0.011016082498106625
0.010965488174862594
0.011542255808860556
0.01094023868589118
0.010912093235542476
0.010911037407741688
0.011321670031513121
0.010970005989935335
0.010864930952785432
0.010857388294200496
0.0108432037380859
0.010879587963002153
0.01118393177504685
0.011106530339656884
0.010962511821597716
0.011230953089991221
0.010863556259191862
0.010805804073417148
0.010792251206049234
0.010939667465491066
0.010803035380497034
0.011013972099636844
0.010777227005770695
0.01078785867998899
0.010775289338438621
0.01077136385374435
0.01120790452527331
0.01080244365563192
0.010716371524083142
0.010736112934675548
0.010755472429244234
0.010732753051709223
0.010701498797427702
0.010742491695156979
0.010687071903802381
0.010692532248057352
0.011043211180876584
0.010684262530835155
0.01104061068542818
0.011053764381178536
0.010798249393701553
0.010690809285925954
0.010673040948291817
0.010659898489885794
0.010645263311960319
0.010642422649013524
0.010642623218397299
0.01066886394195529
0.010826770305363062
0.010886498579368143
0.010953587547510173
0.010696823607281884
0.010641070752844164
0.010631074677083161
0.010762522421260872
0.010649425512419479
0.01060523296223812
0.010684432720046232
0.01059812066381914
0.010603022512675512
0.010791376803267022
0.010576742180245052
0.010572756407014017
0.01061293180792196
0.010649557339132028
0.01056107973354091
0.01099337696746336
0.010738160178409551
0.010572663373114055
0.011178938383021371
0.010618251222785157
0.010556832045046214
0.010547110946117455
0.010547443179309172
0.010751680790664929
0.010546680579804155
0.010542255352948955
0.010543110771196903
0.010543129492932223
0.011988443070438632
0.010819371823504223
0.01065061757765194
0.010573059793795296
0.010579109056652969
0.01054220341711548
0.01071923406235259
0.010527666744225882
0.010551099324285393
0.010520927678707605
0.01053367226873294
0.010550586144031078
0.01055008582709351
0.011296974716357665
0.010677573477031767
0.010587570786156473
0.010579836339668275
0.010549567762774603
0.01056856323316349
0.010544011077348746
0.010523285197321534
0.010549413787182604
0.010667822517380856
0.010506718149009121
0.010532915232573995
0.010537390292871117
0.010514930004358488
0.010517203931392419
0.010506211199087671
0.010929410327410344
0.010633346258905461
0.010585822939577669
0.010527114666654135
0.010532487177661937
0.010591619288419733
0.010509058897669362
0.010510713839442423
0.010498695982245131
0.010513245168052885
0.010491398049413962
0.010513672749619476
0.010465168089854836
0.010467014170986394
0.010467026318137599
0.010961026226849642
0.010715572120431232
0.010824202347805005
0.01049349279059927
0.010474247805675855
0.010744274895109556
0.010440063337017797
0.010445350095654282
0.010438572218881385
0.010475594544223827
0.010344539544615809
0.010342880127576514
0.010363653465097296
0.010342903192410179
0.010362918694617331
0.010362342258196065
0.010358260649413165
0.01035346485760444
0.010341510763729956
0.010348114304908432
0.010349333492221415
0.010341313341786168
0.010345338379638424
0.010346574032611579
0.010329022229012877
0.01034262062360843
0.0103382533416152
0.010326201428133662
0.010341740517628074
0.010333252569703575
0.010331764380776449
0.010328794303949517
0.010338381509121397
0.010326404359634264
0.010324411549092126
0.010322575850824122
0.01031568098395276
0.010322265551354822
0.010325432315517967
0.010325084375863028
0.010310865280897703
0.010318169717618538
0.01032370740775228
0.010318757743319563
0.010305235371387044
0.010308647162523797
0.010309730684108074
0.01031584449714855
0.010310263784829736
0.010308283925203993
0.010312355818110134
0.010302163079602293
0.010300483327149952
0.010368797205781976
0.010296184194609277
0.01029195527702865
0.010288353004299177
0.010294926881470498
0.010295657119821302
0.010300088640019642
0.010284285297734116
0.010305112602785476
0.010308469470479701
0.01029856614891452
0.010286738622700027
0.010296028946517127
0.010293496360774874
0.010291116385914312
0.010285439658233829
0.010297542606962987
0.010278576281130707
0.010292086449049094
0.01027956692864596
0.010279445764501103
0.010298419298093902
0.01028282309823943
0.010298806190392366
0.010269076523460176
0.010282565596768566
0.01027595611725605
0.010266208102182784
0.010287756475284942
0.010274475916802096
0.010272231189650868
0.010269018735355474
0.010290624595342492
0.01027063865263765
0.010268928209571752
0.010268357422559372
0.010264749863114294
0.010267203507742078
0.010275762288434671
0.010288459912753931
0.01026302044319831
0.010254623431392726
0.010267326740468099
0.010258009296107313
0.010258376363222257
0.010258613220376052
0.010256573846778853
0.010262544853950884
0.01027516839816773
0.010256611428564728
0.01026330296589498
0.010255093600219823
0.01025804997769126
0.010248752154114813
0.01024995363093052
0.010381163528232094
0.010232888005378813
0.01024179425852822
0.010238996974312433
0.010242602154735488
0.010239104930889292
0.010245723566870289
0.010245097017302961
0.010247522540906868
0.010240527556858735
0.01024375199386389
0.010238480331566763
0.010247911901363838
0.01023203183715493
0.010574336716960562
0.010230593331059804
0.01023102086959499
0.010228033030018359
0.010232122648790134
0.010225754666139092
0.010222584150559438
0.010223726582138649
0.010227768878658415
0.01037035140181237
0.01022377572093073
0.01022704298186912
0.010219868615257366
0.01023041867887718
0.01021602088677706
0.010211174038205014
0.01021607855961907
0.010225335956726334
0.01022494476897144
0.010232624158312385
0.010213912919581724
0.010221888065313545
0.010224733778303213
0.010215536522196464
0.010222072860613317
0.01020959115098461
0.010238908676940812
0.010215724643209193
0.010213197500939809
0.010206164340350297
0.010203474416419028
0.01021572869430871
0.01029523629264863
0.010217005688168428
0.010193031895967207
0.010207076603085688
0.010194306068196156
0.010212437086815488
0.010202546986649828
0.010215162185847563
0.010206089874502063
0.010509270790460283
0.010205876564748414
0.010193057601085
0.010211451753678888
0.010200669952105768
0.010197376432788648
0.01019432227566789
0.010193606964604493
0.010211638914169159
0.010196395777780623
0.01020222764290107
0.010204574400589804
0.010213855106887644
0.010196720237656198
0.010197157289205802
0.010197188911141932
0.010189870526098183
0.0101936200015837
0.010209678264992564
0.010190942260150862
0.010199914506572013
0.010193046738728635
0.010271051603526172
0.010178464998125341
0.01018680637185969
0.010193238123980883
0.010195003189269466
0.010189729825694962
0.010194405184892735
0.01018830359584526
0.01019183154872591
0.010192534031819786
0.010186153371809142
0.010185749601978477
0.01019279831842129
0.010184656450580252
0.01018674722980253
0.010190053723088585
0.010199388679694815
0.010220341774767185
0.010173333470675812
0.010177678447032329
0.010179516081713608
0.010177389850760056
0.010195768278448692
0.01018124988775934
0.01017648226307957
0.010130456733292971
0.01013336980733836
0.010136607187575732
0.010135701796033791
0.010131694081396159
0.010139063364909133
0.010134110036659556
0.010133692764188393
0.01014061291662134
0.010138345418172112
0.010133873201021463
0.010137856704345827
0.01013680020033723
0.010132602898545392
0.010132828997847664
0.010139872155554912
0.01013059957911915
0.010129860045984634
0.010129776555835808
0.010134554169949132
0.010132513594546236
0.010137256637535277
0.010131361694520849
0.010131470488673291
0.010124939455414074
0.01012808133974032
0.010127250787497747
0.010127517748193772
0.01013042281071345
0.010127942422066782
0.010125220113928758
0.010127964767661228
0.010123041802679155
0.010127956616283447
0.01012586627505941
0.010132860177175046
0.010125060104718893
0.010128317225613807
0.010118454482664567
0.010127249674828533
0.010121987625440159
0.010126081962298245
0.010126029792865707
0.010119500603809608
0.010124655228366357
0.010123256484827292
0.010122521116518148
0.010125245539342412
0.010120802176286383
0.010120973507366559
0.010118496024876637
0.010114629777523355
0.010119003440459372
0.01012072988198732
0.010127233897670857
0.010119139908416437
0.010125921439785178
0.010113233061070882
0.010124227783578162
0.010119610622820288
0.010121656071529924
0.01012227165423604
0.01011952881396997
0.010112920044475657
0.010115901603003834
0.01011925666491584
0.01011475938811849
0.010115480250233275
0.010115866653817912
0.010113086907973778
0.010117951341022556
0.01012064932412145
0.010116891491322135
0.010114342588992796
0.010114729624217
0.010115022800260349
0.010122148802645333
0.010115758116317071
0.01011257843504792
0.010110103651241894
0.010113423502705868
0.01011593976264002
0.010114363327056859
0.010113466008514068
0.010114198742686424
0.010113769278495815
0.010113363092759065
0.010113126017374567
0.010111853028509286
0.010111702489282432
0.010104725085100522
0.010109250990077607
0.010106858348615296
0.0101133378978708
0.010110696098419896
0.010114169393730636
0.010118131238426213
0.010111590722889299
0.010108023926480473
0.010107675591858701
0.010107216815596367
0.01011016151772523
0.010108026809584681
0.010112887955341402
0.010107919558415515
0.010109104363635034
0.010110574863580588
0.010108488436677669
0.010107525083368565
0.010107666214085844
0.010108150259004568
0.010103498324260066
0.0101044648695774
0.010101197514892017
0.010111432719250323
0.010098302321932694
0.01010721899021921
0.010108688631073476
0.010106639195811434
0.010102710723508112
0.010103332034001747
0.010103850041457725
0.010107422230623834
0.01010199900249345
0.010108023923406801
0.010099483700008086
0.010099090592745113
0.010107865978167593
0.010110563185164342
0.010107417741526079
0.010099539351910845
0.010101082885373544
0.010099381331366675
0.010103283058114277
0.01010164929547719
0.010103043971011545
0.010097850476800412
0.010094574926169005
0.01009843117333088
0.010101864959663488
0.010102050308224196
0.01010404330164981
0.010100295676514753
0.010101965640859046
0.01009737502586822
0.010097580820494162
0.010099144050046163
0.010102875069668978
0.010102073105648406
0.010095953764609082
0.0100920119279805
0.010099081021330931
0.010098416819283277
0.010097279797366547
0.010100546972242126
0.010105287118295435
0.010094120680498999
0.010094891747969998
0.010096149366939127
0.01009182350113742
0.01009222924119175
0.010101800461733106
0.010094878205371768
0.0100984433297031
0.010100083373388639
0.010092251897227057
0.0100961287287694
0.010096447345594763
0.010095953274358421
0.01008841452394726
0.010092502874829391
0.010096564486303148
0.010096992645720051
0.01010080845565489
0.010087380751278928
0.010098033941200268
0.010086814119870906
0.010089952827557282
0.010092505533555554
0.010087807964004896
0.010093506388735064
0.010093962238861783
0.010088271621258148
0.010088381692521249
0.010093867001139095
0.010091701531690537
0.010091220222339771
0.010090495567313909
0.01009455233775448
0.01009100069608478
0.010087669602665965
0.010089021501908995
0.010094905481135884
0.01008990057667244
0.010094311638510857
0.010086874345397399
0.010088407227050254
0.010097934776861774
0.01008903120856474
0.010092128163492522
0.010061465053152132
0.010069011421659009
0.01006566441430412
0.010061379715726517
0.01006744918182935
0.0100653415435169
0.010066141429735293
0.010065526292711595
0.010059577007178622
0.010066776484152665
0.010066184252131693
0.010061057275253357
0.010063818921780723
0.010063053748075522
0.010064197381460431
0.010067760165190637
0.010068175804005205
0.010064850063385939
0.010062924186659135
0.010061709237939651
0.010067494389395117
0.010065255031948633
0.010062748082166556
0.010066731378018069
0.010064860710585275
0.010065852910304818
0.010062592491359995
0.010060515694271023
0.010061413224897172
0.010065173419813314
0.010062732552439467
0.010065099980571483
0.010067569098063427
0.010062594295605378
0.010062003217748191
0.010062629215591418
0.010065414426424125
0.01005663322254081
0.010062098853511385
0.010056742135029618
0.010058764051707468
0.010060934339136672
0.010060898043682473
0.010059688701340467
0.0100603674018983
0.010064216110879931
0.010062347759458886
0.010062480665030259
0.010057974007386382
0.0100586428014998
0.010062187203135427
0.010059444885393573
0.010060923971641477
0.010057588876301897
0.010054597031730826
0.01005666258532812
0.010060402414094496
0.010063852077479115
0.010060541399388816
0.010061330959606584
0.010057960613861237
0.010062411940801066
0.010056922544199641
0.01005577940260223
0.010059142174820105
0.01005748071071535
0.010060159761532404
0.010059660734000182
0.010059374704243916
0.010056037452723524
0.010060406210079248
0.010056989270542124
0.010054978317651812
0.010050269956439241
0.010056601134943392
0.010053848179223219
0.010058502137980643
0.010058339783559144
0.010058579852700037
0.010062350064712783
0.010057222735899018
0.010053569589289699
0.010054272768570252
0.010055807199353728
0.010060443170983405
0.01005701078931884
0.010062492882875916
0.010050253295600907
0.01005493228787882
0.010054532008202556
0.010052829261611003
0.010058502254780173
0.010060057246891579
0.010053182325076938
0.010056464487176524
0.01005573610378669
0.010058254784237433
0.010057240094460866
0.010055555295039325
0.010054592215287017
0.0100538575923433
0.010056611436354642
0.01005061842476574
0.010054415915616274
0.010054160942240516
0.010053086786134409
0.01004976422061818
0.01005250809978534
0.010057995040522943
0.010054381614975115
0.010055425355561299
0.010056160972837862
0.010056530549605884
0.010051947034797063
0.010050448759615716
0.010055036124198547
0.010054694107509289
0.010054635314313885
0.010051419660326081
0.010047081553626179
0.010042112139314906
0.010053608296039475
0.01004993044171888
0.010053871955611918
0.010054999230915171
0.010052896358330947
0.010046994896058497
0.010051439356415382
0.010051242361711983
0.010053584330619956
0.010047086915646744
0.010051048668132166
0.010047553998507288
0.010050451939329259
0.010049194166676538
0.01004570055900529
0.010047210103804521
0.010050217030883426
0.010050362080532333
0.010052574780022744
0.010049119499502795
0.010054631343129838
0.010049408406215926
0.01004749785942754
0.010049779814892378
0.010052916641491574
0.010053192623414517
0.010049801840824952
0.01005096724810134
0.010050201988333327
0.01004773763810644
0.01005197504670559
0.010042552141589497
0.010048199303620326
0.010045445435019609
0.01005159516391581
0.010052611547285574
0.010047634070733003
0.010051220102180349
0.010047587123468961
0.010052487656793776
0.010050555542049923
0.01004729621886912
0.010045581412726011
0.010046421657792806
0.01005212510797647
0.010047475899578912
0.010044324479185709
0.010047117666196901
0.010047166931009528
0.010047020989995782
0.010048909775187374
0.01004822002631603
0.010049027593640408
0.010047052654963319
0.010044507792975643
0.01004789202864414
0.010047322615563082
0.010048332504264198
0.010046349437261867
0.010050887973493475
0.010044620888731858
0.01004788627165674
0.010051504450638106
0.010042011507298096
0.010046717759971768
0.010048269186623812
0.010046904316485519
0.010048219406971148
0.010042960039361476
0.010045769570622802
0.010042607865723545
0.010049482103646194
0.01004688714695449
0.010046610806948773
0.01004198635851491
0.010042117714955666
0.010043529240359174
0.010046913297754704
0.010046065268613914
0.010034922172281609
0.01003539158652226
0.010035237906002763
0.010035362382029052
0.010033519831009627
0.010032385649165698
0.010033571845221736
0.01003354933672268
0.010030461029570685
0.010033485796241083
0.01003328212859607
0.01003071116498693
0.010034626872331002
0.010035108714963836
0.010032543743477992
0.010030079247251694
0.010030583008238584
0.010031548734422368
0.010031037306161013
0.010031548583812446
0.010036770786118783
0.010030280946209879
0.010029228697699977
0.010034821328181441
0.010033867822916988
0.010031536833164913
0.010029890857292677
0.010032979024592603
0.010033560561772325
0.010034678377850418
0.010033944965933416
0.010033887743384335
0.010033139473337544
0.0100311536384937
0.010032185021382157
0.01003230014268813
0.010029314672912504
0.010033003079148606
0.010031287953343624
0.010032720557988772
0.01002805004136102
0.010033188160299862
0.010029085373917822
0.010036571274078128
0.010029865874487771
0.010026659355452746
0.01003279383278916
0.010030101791097977
0.010031840837754236
0.010030204889736456
0.010029475644181664
0.01003157917299483
0.010030311200362031
0.010028233189172673
0.010033307618556832
0.010033972610538155
0.010034506087784622
0.010030600068654262
0.010031798725376035
0.010029603393668486
0.010031221293085086
0.010026964866141281
0.010029443991508815
0.010028109535353609
0.010028769489586746
0.010029852669993447
0.010026449915451973
0.01003155861935108
0.010034508612806057
0.010028607699184035
0.010027367225156562
0.010029844859793241
0.010030541860993348
0.010027992045783465
0.010032278809868561
0.010033016667851913
0.0100263590239013
0.01003010098886962
0.01003236908361119
0.010033349718640346
0.010027029954216662
0.010030892213480701
0.01002720125302328
0.010026646999291854
0.01002765925318347
0.010026911848375309
0.01003126870447358
0.010028323001864523
0.010030004152837562
0.010026430860223255
0.010029219192369739
0.010030293465275378
0.010027543086829063
0.010027875049537656
0.010030042561441167
0.010028734569600706
0.01002698574559425
0.010024236862489296
0.010028987502058348
0.010030885711127873
0.010024976636907055
0.010029429920239023
0.010026923983231826
0.010025692584220529
0.010023281572958325
0.010031234386927225
0.010029819136233416
0.010024723512344923
0.010024496006837772
0.010025483073525302
0.01002782413723691
0.010026495872993674
0.010027173259556786
0.01003200160616105
0.010031564431664574
0.010026262046480336
0.0100268056560861
0.010028177555711946
0.010029527275721626
0.010031059822344248
0.010029112658902953
0.010028351740696446
0.01002941973716414
0.010024826355868637
0.010030258044280824
0.010027800177964735
0.010022751462919385
0.010024495312187931
0.010028349384726963
0.0100259994949666
0.010028934585723546
0.010021828600626575
0.010027516356641702
0.010027954428650366
0.010024200802170995
0.010029013821910513
0.010027602697621183
0.010027565862737571
0.010028073920717728
0.010029114430874782
0.010027968521435858
0.010023206656817163
0.010024228640417061
0.010023855407516359
0.01003107577470122
0.010029924166674661
0.010025673801011771
0.0100288432761535
0.01002714181281995
0.010026029095963479
0.010029104745734742
0.01002739188215225
0.010023118101257106
0.010027778175084701
0.010027290057550759
0.010031535271739606
0.010026148385168498
0.010025065341540197
0.010024045913698452
0.010022700881038364
0.010026019664401366
0.010024708873982673
0.010023868249317404
0.01002618050964998
0.010026514439508565
0.010023748511356293
0.01002437803316431
0.010026856497692393
0.01002267133075707
0.01002059578772622
0.010024574434649039
0.010027346726838905
0.010025125711529267
0.010020145568566353
0.0100242706175537
0.010026300052432928
0.010023829281305519
0.010026139963307593
0.010026593809400257
0.010019175505431572
0.010023592279689146
0.010023753893355726
0.010023336691579015
0.010025919614845377
0.010024181943657276
0.0100256188714219
0.010029724646949827
0.01002618343732243
0.010019925197051598
0.010024938537207472
0.010026477017553628
0.010023694356331731
0.01002576867604118
0.010019787719393327
0.010024626415050758
0.010026882676155653
0.010023113231024039
0.01002277980832131
0.010026732909957273
0.01002352483718112
