0.034458089263329016
0.018789950032832205
0.016645599030597574
0.015490468299452819
0.014736763524389502
0.014296534068562803
0.013939791595680092
0.01361506414774916
0.013463653617910427
0.013169467240178546
0.013053961666823417
0.012781841059525808
0.01280645780548109
0.012556558124499746
0.012439000991975317
0.012303350782237037
0.012370600589480337
0.01218920637831928
0.012056107623594822
0.012104320428995017
0.012018394472059046
0.011960989276174665
0.011908866268376707
0.011884399582155467
0.011830877420483249
0.011873569972690182
0.011851797983812617
0.01177737712798634
0.01184795593394108
0.011658915051139227
0.011746679232901472
0.01162824979844955
0.011647946247369936
0.011610208488017222
0.011695570582923519
0.011737165809685838
0.01155627830562615
0.011461865012426384
0.011504823148324348
0.011482755564423677
0.011622398283344881
0.011432347779251364
0.011461196365849217
0.011411263183275662
0.01144457682844239
0.011428820061506612
0.013248005620643447
0.012213441607828187
0.011941965186827056
0.01165233700606886
0.011885775855616374
0.011679169872511339
0.011482973549232231
0.011516369541141854
0.011564732858105855
0.01140082836544553
0.011452267032497786
0.011657682616300511
0.011344407943289468
0.01135685143334539
0.011363148308134709
0.011531788284088126
0.011918001519300954
0.011303108317697598
0.01127695988728465
0.01128304526886039
0.011276807998715848
0.011272896090430199
0.011234094852907429
0.01167372122665148
0.011201742384890126
0.012034948131456823
0.011249447364372389
0.011361607242830515
0.011194770562496318
0.011214032839897638
0.011154338511524618
0.011168866541248934
0.01123162924247508
0.01130522882854781
0.011172955041204151
0.011198107457470775
0.011211367963318385
0.011131684489474438
0.011122308508569849
0.011131195529754405
0.011424352061433761
0.011113411147553142
0.01109682310298823
0.01212268094332403
0.012972631457910286
0.011925101661347713
0.01164425451849455
0.011521318561640313
0.011519821597380017
0.011516137604936711
0.011337179496958115
0.011296013493103163
0.011336680621572651
0.011284862457476433
0.011088166819276785
0.011085527614004935
0.01109106394250204
0.01108004355944521
0.011062213680753023
0.011085596501138738
0.011037662683712571
0.011043417215248933
0.011035876751265708
0.0110320527991741
0.011033912358356782
0.01099603954186239
0.01100457799175244
0.011018854842548914
0.010992471638931692
0.010986473783235936
0.010972893126800706
0.010978815551515263
0.01095962949195514
0.010948216035445728
0.01094695172662979
0.010952460318311999
0.010945939627958604
0.010926226058685937
0.010937481823534068
0.010937572834957944
0.010915695492903589
0.010929680023674327
0.01091009669509953
0.01093427097676906
0.010897959622465345
0.01090210547099019
0.010910587769505804
0.010888499816381696
0.010925229417510552
0.010885749574713778
0.010888240681254234
0.010893804079579442
0.010876522577758079
0.010880241096757426
0.010889302407431327
0.010864721709499658
0.010867669692773236
0.010872709761579634
0.01086891576549401
0.01090848459109123
0.010844704630498839
0.010863122256724748
0.010849754476655435
0.010846473064531785
0.010855870435118872
0.010843746204285732
0.01084112048935969
0.010847250691218542
0.010838440376589008
0.010845119321085636
0.010824931702475147
0.010993599442906506
0.010817519966943233
0.01081102857790371
0.010849045955333182
0.010836812495423032
0.010821063892159722
0.010821427759582256
0.010815932532225308
0.01081982567267056
0.010824763292920078
0.010796619290270822
0.010816583194748403
0.010823923731745273
0.010800779603495457
0.010819227545346954
0.01082162964449759
0.010800875489762907
0.010823429190237136
0.010815531871413733
0.010797599791595251
0.010789429424668696
0.010823320483684343
0.010800419058712206
0.010797533898217844
0.010790122039739055
0.010794992392679842
0.010784910208001585
0.010802090785807312
0.01078095766270023
0.010793082554372821
0.010800645563739164
0.010790447630725874
0.010777112311705112
0.010901128476725357
0.010770877687992042
0.010772798182719414
0.010768337685479582
0.01078036594398246
0.01077765685263345
0.010785871372856323
0.010783844372325211
0.010782877616461354
0.01077560852696695
0.01069106917102935
0.010690259851712009
0.01069898518238819
0.010692652800541507
0.010698041039528233
0.010699764293658457
0.010696694952598696
0.010699414617378916
0.010703678101473319
0.01069709807695827
0.010707167213899468
0.01069817589688124
0.010695507196654188
0.010705714359904084
0.010700877675964887
0.010695005020145143
0.01070043233779594
0.010698125387231508
0.010690546978769129
0.010690712741892724
0.010703276630749207
0.010684826881578654
0.010686756612689976
0.010691226194167
0.010691485223252781
0.010689588653987194
0.010686371850446113
0.010689379238575795
0.010686975642546961
0.010686443722115295
0.010680759393244293
0.010682495427702126
0.010686004518995387
0.010678996820703592
0.010685712550905082
0.010683283043822439
0.010683123569431479
0.010672534290369195
0.01067852841462731
0.010671170809530582
0.010680250371668008
0.010672190601602443
0.010675589541717134
0.01067268445153441
0.01067825148601343
0.010681412471673472
0.010680850395447153
0.010673574573074532
0.010665818129853644
0.010668366363659353
0.010657888296192432
0.010681619876903473
0.010677799219788104
0.010671622439505833
0.010674592771447531
0.010661421386715603
0.010667032420807349
0.010667469745913748
0.010680070528053608
0.010657558469685784
0.010676780506575069
0.010658000555909899
0.01066135380281867
0.010653326278644622
0.010666060714794956
0.010669834730476634
0.01066074143517332
0.01067249203967576
0.010658198463493841
0.010661276303256306
0.0106658702316654
0.010668988728422438
0.010653749375723966
0.010657287577763446
0.010654697517431018
0.01065558993961453
0.01065684273445567
0.010656656614403324
0.010662702164265386
0.01065876550370022
0.010652761147188472
0.010651031238558662
0.010662083630834278
0.010655429332575487
0.010655068564951027
0.010656940975155767
0.01065061874872092
0.010655591402682338
0.010653878983245432
0.010660656146926455
0.010646328173282713
0.010652877258216785
0.010651601878034793
0.010648807178777043
0.010650301539637272
0.010650552652481169
0.010650929417030842
0.010643937732569456
0.010653571991047056
0.010642729751864085
0.010611802843636019
0.01060934647266129
0.010611033780199073
0.010609202790796364
0.01060678664189164
0.010610648129664042
0.010604679596797862
0.010609270884922825
0.010613264300838948
0.010610876300621151
0.010610710386887635
0.010614302067743867
0.010612388012359048
0.010609290931410718
0.010609369645073469
0.010608735955366403
0.010608707465501901
0.010610677787523852
0.010613240999332552
0.010608247444402464
0.010606853884610997
0.010603233633974795
0.010605620214156192
0.010607948293141012
0.01059818761453967
0.01060213730132619
0.010601504957887403
0.010599619924112319
0.010599981704511659
0.010603338544542837
0.010604798910592255
0.01060575071918984
0.010601607400296939
0.01060093207463081
0.010604670664707426
0.010602728377646543
0.010601902122397235
0.010600543261287433
0.010601145925350709
0.010598289236278818
0.01060096625078826
0.010597828883222818
0.010600570908965844
0.010603275528122293
0.010595796602123444
0.010600879522526127
0.010598701022245702
0.010598956014063491
0.0105999263691971
0.010598122704737258
0.010597827573838604
0.010595285696386307
0.010595223414573338
0.010597612884006288
0.010594515830721005
0.010600590786401786
0.010592842864936138
0.010591434729792694
0.010595042983887613
0.010599341009906416
0.010592302989841687
0.010595819749946249
0.010595070038347355
0.010594607702773004
0.010597500876329912
0.010596744974355886
0.010600323177160996
0.010592340291923422
0.010592699143113476
0.010593988886564085
0.010592290922605952
0.010589583712344123
0.010591061942574411
0.01059419334721644
0.010587774447654144
0.010591696812571471
0.0105930195119318
0.010589418966605915
0.010595158309592763
0.010588011095798251
0.010588158008092307
0.010591073763916398
0.010589807635486717
0.01058923685769535
0.010591885849538416
0.010588989921971517
0.010587982698143905
0.010596604910202742
0.010592282362429812
0.010590393047029823
0.010583195192954524
0.010584260444633245
0.01058385157865463
0.01059082491022132
0.01058531115784405
0.010588267412368613
0.010586163653030058
0.010585363176666668
0.010587149182881657
0.010587596236159503
0.01056692684714747
0.010567933471609068
0.010562311728844549
0.010567530122871446
0.010571324226535585
0.010572183572936177
0.010571393467141654
0.010568862550403221
0.010566339287107731
0.010570919849654727
0.010571463339387289
0.010567733682937945
0.010564545399998085
0.010563528447999026
0.0105656246076839
0.010564676596607902
0.01056549297000217
0.010567106813708744
0.010564068648902693
0.010558540548625166
0.010565608730631889
0.01056805501074189
0.01056519431667556
0.010563852981642724
0.010562460964834533
0.010564963247245885
0.01056596597736523
0.010568835769500276
0.010564410075446954
0.010563657828068772
0.01056604003748878
0.010566174950167881
0.010563916812586312
0.0105648296654667
0.01056612425917151
0.01056030338857532
0.010564036418379533
0.010565510265553746
0.010562156788119585
0.01056153675473661
0.010565428133967882
0.010564876754119648
0.010560271566850517
0.010561259967511637
0.01056077880262345
0.010563043419505307
0.010568013596087202
0.010562338654210073
0.010559405031131439
0.010559602895683974
0.010560986051096184
0.0105656547527207
0.010561970514383647
0.01056032877403124
0.010559548829795897
0.010562172931044212
0.01056096676073157
0.010560489779110789
0.010560664314493881
0.010562198085974741
0.010558546600685064
0.010556883744206956
0.010560339390493856
0.010562346035633052
0.010559602191813119
0.010554812922336088
0.010559941331545511
0.01055910814209248
0.010557641327479491
0.010561306312335993
0.010559864154718693
0.010558886548793158
0.010554178919114492
0.01055796869812232
0.010559822420402131
0.010560219148450558
0.010561220089692881
0.010557438797093067
0.010561609880463911
0.01055618137022843
0.010559769043016552
0.01055688728200327
0.010558748064507352
0.010559990356611733
0.010557073663317724
0.0105598095663064
0.010560420813598353
0.010558682844264082
0.010555399428106377
0.010552589461920482
0.010558068278943351
0.010559369788409854
0.01055174175858891
0.010557353650235107
0.010557246929274337
0.010557973305556443
0.010554670356214046
0.01056077358199179
0.010556713223039317
0.010557134770988042
0.010549464090896321
0.010546926465869048
0.01054710995024777
0.01054415200213001
0.010547717326250013
0.01054641673888507
0.010549750117578915
0.010547528559766194
0.010546364237495972
0.010548332014517619
0.01054561642542629
0.010547532208214696
0.010548558743922624
0.010548183159662945
0.010545693350212016
0.010545847915949012
0.010547175932761664
0.010542637819159937
0.010545152165733351
0.010547936036445127
0.010543857524386628
0.010545537530416899
0.010546041354414063
0.010553863990695366
0.01054667036291888
0.010547973267832408
0.010544804865402161
0.010546826983405517
0.01053931325729383
0.010546887677666967
0.01054187569914773
0.010549665659223453
0.010543517553225995
0.010549012811319662
0.010548256300758608
0.010544272059752996
0.01054295337153445
0.010548142467321145
0.010546185921496488
0.010542988014890023
0.010544420920755013
0.010540279111034997
0.010540309939963787
0.010548551634519603
0.010540817993333434
0.010548669159436974
0.010546100748512316
0.010543077790697809
0.010546333774334133
0.010545371853356118
0.010543983749332207
0.01054291111162
0.01054528224045294
0.01054451467082052
0.01054932543448489
0.010539075295155001
0.010545747071848844
0.010544278056486802
0.010544634983558268
0.010546057443549433
0.010542027925820437
0.010545352658275331
0.010547232297756294
0.010545382091757094
0.010544409459032634
0.010537918819969046
0.010542414227973904
0.010542802746244783
0.010544482959747905
0.010541630825857715
0.010545446104047323
0.01053830039788886
0.01054006791904126
0.01054073310466391
0.010543146628652862
0.010542623010208897
0.010538159362455406
0.010545192135762263
0.010544146312763392
0.010546375653113272
0.010544418793774085
0.010544417063296825
0.010545097423637463
0.010541971112069714
0.010544682955891877
0.010540436384676903
0.01054236089361973
0.010544435705116676
0.010539634703434143
0.01054270388773664
0.010539799661255709
0.010541846671390652
0.010543721654258742
0.010541508429170442
0.010542371676060626
0.010541503127086477
0.010542557516408832
0.010535993736249583
0.010539943988591727
0.010541939330302647
0.010536169461143685
0.010537197217099344
0.010534314337269505
0.010535764925968725
0.010535705920689963
0.010531814922594002
0.010535356892955185
0.01053785391631398
0.01053221007845927
0.01053538220156931
0.010535700203660297
0.010539728518046758
0.010531062942625272
0.010535105724785195
0.010537515800114316
0.010532647568007113
0.010537325982434719
0.01053746294217928
0.010534389989555078
0.010532278481489755
0.01053624997136764
0.010535949407753969
0.010532455137706433
0.010530714923054865
0.010534760969454306
0.01053760522552351
0.010534080006673982
0.010533730886729048
0.010538296961523716
0.01053885152262233
0.010533250714636871
0.010537054196073868
0.010536005456160397
0.010536372427991514
0.010534974263839595
0.010535205367079662
0.010535206196971066
0.010535360553698374
0.010534485473171516
0.010531449982459985
0.010534565631460041
0.010532569177079908
0.010534081368310617
0.010536253956383211
0.010534778784456427
0.010532824132013636
0.01053469654836572
0.010539403603267748
0.010535719816760459
0.010537260371835121
0.010539822237375545
0.01053376566225251
0.010530404648174941
0.01053384140674824
0.010530697685903055
0.010536638116187389
0.010536479490129862
0.010538303462339707
0.01053436120769175
0.010535322762902814
0.01053316258016986
0.010535678488168583
0.010534906864362975
0.010534490105195015
0.0105332739362278
0.010530689343957617
0.010535404387332819
0.010538127998707712
0.01053265438848498
0.010535689479619166
0.010532298294378586
0.0105304106771823
0.010537338261753813
0.010528404720545602
0.01053487290182572
0.01053226188058802
0.010533264973400647
0.010532834010795005
0.010539190563997223
0.010531176899009608
0.010533473479005174
0.010536441391967114
0.010533421724518337
0.010534396948348177
0.010535059124846072
0.010535437410863319
0.010531456120582696
0.010533511481884092
0.010531412787956766
0.010535140564855766
0.010535029924963371
0.010530684220146622
0.010533831325104527
0.01053274224324785
0.010532200908159265
0.01053541042402436
0.010534788644795763
0.010533937139332098
0.010535067313107917
0.010534263206738056
0.010530312932880209
0.010524213876538348
0.010527789472869717
0.010530565637886131
0.010531566855758921
0.01052782167572983
0.010533980118485765
0.010529477954550151
0.010526740453252107
0.010531775453573602
0.010531454153432705
0.010533625170858976
0.010525478083923115
0.010531851566909957
0.010535503875943694
0.010531073586750936
0.01052901835761743
0.010533505807885833
0.010526106388557076
0.01053274413970339
0.010527778942469913
0.010525837408458636
0.010532091033611165
0.010531117385038154
0.010530364364631499
0.010532018313608548
0.01053259664341168
0.010530041020498811
0.010532678221736607
0.010527997007193935
0.01052923175036022
0.01052812947015656
0.010532401093334058
0.010530431542803746
0.010529192032372401
0.010527229795644287
0.010526262451172268
0.010531005157594241
0.010533480656028974
0.010530488657774312
0.010527442326222118
0.01052708236236285
0.010529351248574926
0.010531409127213577
0.010524853049676017
0.010529807884024807
0.010530821182964856
0.010531073119552812
0.010535868662394116
0.010527044282642135
0.010532948111641918
0.010527226486836527
0.01053126795039122
0.010533077165902448
0.010526986512979461
0.010524412300499162
0.01053245562949393
0.010529775682701529
0.010531356951633696
0.010533754391097787
0.010526444129768772
0.010532390922553862
0.01053226060347736
0.01053007461880595
0.010527773585059855
0.010527377182820647
0.01052947097424135
0.010526915775495197
0.010530482147737304
0.010527160891605289
0.01052890828635433
0.010527943488419449
0.010527608670269695
0.010525475034840626
0.010524478799389928
0.0105315238059108
0.010526280021817476
0.010530478118153492
0.010530279777181817
0.01053075709383283
0.010526009527935644
0.010532493497131288
0.010527654981283661
0.010529422603867236
0.010526499379020516
0.01052881787737014
0.010527720097022087
0.010528357579640232
0.01052919818586347
0.010527893003359092
0.01053078574352827
0.010526785562460375
0.010531885630878384
0.010529242117855416
0.01053216845633173
0.010527376113182838
0.01052427933345435
0.010531475576925593
0.010524827781019628
0.010529513243376816
0.010524441355919288
0.010527952629519572
0.010529647293890958
0.010529111210170751
0.010529452919492824
0.010527950321192001
0.010522593418289922
0.010525118596482985
0.010527967395439203
0.010527392551179963
0.010524584739638044
0.010527914350010183
0.010527490163314165
0.010528501236915785
0.010524826782076273
0.010522685373331061
0.010527236417870317
0.010525675840897135
0.01052756097302972
0.010530830391685758
0.010523026175919933
0.010529635203602684
0.010531277202143528
0.010527533061015528
0.010524828546363921
0.010527243179948416
0.010531302283305934
0.010526215795907054
0.010525180912106344
0.010528124100451815
0.01052480566595057
0.01052708918898806
0.010523481986088918
0.010527760860058341
0.010530594032466804
0.010519800959738961
0.010531464708421883
0.010529200755453149
0.010526842108801646
0.010529761457748145
0.010525642740524838
0.010526179420537386
0.01052717768614835
0.01052953827536047
0.010529030535505354
0.010526649816816199
0.010529686822847958
0.010526248638090914
0.010530099696894684
0.010530407829425319
0.01053048375834136
0.010525746390887417
0.010529404834970193
0.010527642160998319
0.010527686332736668
0.010529933939918433
0.010527095038185615
0.010527760534249123
0.010525785069974146
0.010530644188644273
0.0105248383913349
0.010521910534464683
0.010526738524523014
0.010526113501033767
0.010527608624164618
0.010528131409643506
0.010526776449023301
0.010527265574721613
0.01052999499841
0.01052380520420106
0.010523286057949657
0.01052791729458783
0.010525055884355955
0.010524454843191424
0.010527092862025937
0.010527755607153126
0.010529467079899098
0.010527173976226411
0.010526658573707338
0.01052462888986069
0.010531363652238357
0.01052190551515853
0.010528732647523038
0.010529628819586223
0.010526640082497409
0.010527113584721639
0.010525494924571254
0.010523413796678628
0.010520249891030316
0.010526466367784704
0.010523521261467989
0.010527737767561631
0.010525475114756095
0.010526776919295095
0.010529065612248659
0.010526854308205272
0.010524499869410552
0.010525732316543954
0.010526806355850531
0.010528323959817391
0.010529326880504392
0.010527147468880262
0.010529273924211859
0.010524626544649057
0.010526830905267704
0.010527315962961307
0.010526103735978258
0.01052730208994335
0.010526814829963859
0.010525611241535582
0.010527887601380792
0.010527310994370738
0.01052776912516198
0.01052580788891406
0.010526111521589087
0.010527682257047777
0.01052576460546688
0.010526461053406051
0.01052524375025392
0.010527689317272047
0.010527400668747354
0.010526418403135274
0.010526616347603279
0.010528674567419507
0.010524607650788114
0.010529004329379045
0.010527235139222822
0.010526855568410737
0.01052558750049411
0.010526451724811946
0.010523014207041697
0.010529398300343811
0.010524611145553022
0.010528893990706492
0.010525111505521996
0.010524731593532333
0.010521893942783965
0.010526985182079545
0.010523127656270176
0.010529534353355173
0.010526876784430773
0.010523512186451813
0.010525415952720068
0.010528718127497155
0.010525642964902883
0.010525795425174653
0.01052918159110908
0.010527408306821934
0.010521706922145763
0.010524259363808254
0.010525665679337954
0.010523106029914945
0.010529377841983888
0.01052432530329074
0.010529329889629147
0.01052849314393777
0.01052434371151153
0.01052682106644407
0.010528973020957445
0.010524395890165083
0.010530872482548255
0.010525407260376037
0.010531987721352491
0.010528535981702529
0.010525287187384694
0.010518766158927393
0.010528202414537224
0.010527753012974074
0.010524362759056067
0.010525482110433255
0.010526312364529658
0.010529759847144089
0.01052694149598135
0.01052585399399201
0.010523879390345155
0.010525898325561297
0.010520858846899897
0.010526491046296094
0.010525883510462915
0.010525543282650682
0.010525391830543284
0.010524422380606038
0.01052706212223363
0.010525290823538508
0.010524162158935573
0.010528270287359311
0.010524316933682255
0.010528308274869872
0.010524752125660381
0.010525511946566033
0.010529752814582866
0.010530262718302975
0.010527391859603793
0.010523863410325136
0.010525697796135255
0.010523032197243112
0.01052499837595539
0.010520983739408723
0.010525699357560562
0.010524912491416183
