0.001111322294086181
0.0007788552956428169
0.0006744357348664083
0.0006225589825502802
0.0006036151340000774
0.0005829046714148813
0.00057519213722945
0.000565813908029944
0.0005544543696802552
0.0005518716499486034
0.0005427542523513226
0.0005404583088939905
0.0005327617703850932
0.0005316439506570154
0.0005282856228726028
0.0005278223102548077
0.0005214101985126132
0.0005198100219840313
0.0005209077715953634
0.0005165627063905187
0.0005065550087880429
0.00050278355097767
0.0005014198434557582
0.0004987130367094129
0.0004968825415915597
0.0004941964094187425
0.0004926711266511504
0.0004967356392869375
0.0004906558857004315
0.0004886169036121873
0.0004949892764271732
0.0004829106766541516
0.0004862114309145771
0.00048200192174677534
0.00048465419896085295
0.0004815094760986408
0.00047966534367504317
0.0004817959236821756
0.0004780374938221003
0.0004784380117079348
0.0004751451236461735
0.0004805173874154945
0.00047275447449954256
0.00047449047581935087
0.00047762805527604797
0.00047489549884366687
0.00047614935813579254
0.0004715272904528926
0.0004728688134599735
0.00047176961653340276
0.0004696644627083425
0.00047091864098997623
0.0004709540335530655
0.00046978029355225416
0.00047108490560234526
0.00046746101324129913
0.0004663112313600362
0.00046812239961342104
0.0004678050627802858
0.00046794988536168344
0.000466536061812143
0.0004656574972782272
0.0004663671551867029
0.0004649030345510507
0.0004665961194393093
0.00046380405393413733
0.000463413243280361
0.0004672091377425705
0.0004621181815129585
0.00046576876400757837
0.0004627561213397928
0.00046205769885460487
0.0004609451756394613
0.00046520726486315136
0.00046309101738791804
0.00046103640145194955
0.00046238024219972
0.0004613638304945438
0.0004719767340869265
0.00048141602110563354
0.00045811053680136135
0.00045740722506476116
0.0004585102289260393
0.00045813251374728927
0.00045741038604811595
0.00045784805617418153
0.000458658857577674
0.0004586761739725868
0.00045939066686295587
0.0004585635637604745
0.000459599536505494
0.0004574751301604037
0.00045903604168355734
0.00045828194750884775
0.0004577821388797644
0.00045575358124569723
0.00045694970641448084
0.0004572081479486754
0.0004566856990368551
0.00045807886174833865
0.0004551419992116664
0.00045839489841827564
0.000459920579994792
0.00045485544260883266
0.0004549190097929535
0.0004572358973464151
0.00045463397533005784
0.0004554426374579334
0.00046277961581515107
0.00045373841992229
0.0004536086203923861
0.00045465904410172363
0.0004535929384224867
0.0004550768528325735
0.00045402679037573215
0.0004624924729094094
0.00045470331890413247
0.00045258564937540114
0.00045452562599556626
0.0004527597571338954
0.0004529553530284391
0.00045485476851417215
0.00045382915942225816
0.00045500391469530685
0.00045215684458345986
0.00045133747685648405
0.00045112696971526066
0.00045553143314860467
0.0004523037002066906
0.00045643014492921947
0.0004524489293772444
0.00045480038258001183
0.00045254122204202603
0.00045060515926271773
0.0004520451379348232
0.00045121236880641834
0.000451647741746975
0.00045158401646085773
0.00045026947433749837
0.00045144831010205023
0.0004534289803126944
0.0004500405910569351
0.0004511955657147068
0.0004520139264299384
0.0004495897698415929
0.00045037976997864523
0.0004493261425427035
0.0004519883620286846
0.000451437322685661
0.0004488623481268438
0.000449634629121917
0.0004533621097957906
0.0004500502786943351
0.00044895232228251797
0.0004517354070948185
0.0004500665458145155
0.000449592040900891
0.00044928686966099114
0.0004555160137855451
0.00044690109247636823
0.00045251506730367003
0.0004488218115817866
0.0004484238242884182
0.00044829104252838876
0.0004520587574709022
0.0004489985867111449
0.00044776027837365546
0.0004488093744488525
0.00044996448905474626
0.00044726650182560406
0.00044825835700574093
0.0004479131078702573
0.0004499645652241771
0.00044803295936512305
0.00044848784272598943
0.00044815663008938357
0.0004496633801524752
0.0004515016997823178
0.0004476390629369003
0.0004471051900512339
0.00045069931342002164
0.0004470675106762782
0.0004464278088670482
0.00044620952303075655
0.00044734936667431037
0.0004481669443716347
0.00044783461359083627
0.0004464940957705069
0.00044804703101912274
0.00044846755092066063
0.00044691823127067864
0.00044654869215513763
0.000448292843796153
0.0004467736376778349
0.0004488353759838766
0.0004679399554805197
0.0004447975492553644
0.0004443448531962378
0.000444730237954705
0.00044483268314975593
0.00044750803182510163
0.0004439927649487535
0.00044518428700576496
0.0004463205882424962
0.00044552503474880464
0.0004479580988382103
0.00044582961593975896
0.00044561337601630135
0.0004463677758292569
0.0004485611522012381
0.00044509417472696146
0.0004449030782077646
0.0004478461354419208
0.00044703008353451986
0.00044610715832748746
0.0004460808923606309
0.0004453677896344143
0.00044999161929970994
0.00044574226602749046
0.00044384825098322145
0.00044534674228212054
0.0004461536295565995
0.00044418040099369346
0.00044771308002904326
0.00044412095310618306
0.0004485557976727475
0.00044366549631340963
0.000446394057644734
0.0004439348332459421
0.0004433982857854932
0.0004443245154779355
0.00044519279483343064
0.0004448084174709167
0.00044480901165010883
0.0004437389928023807
0.00044377644318878255
0.0004462830452617295
0.000445038229096435
0.00044374694045334933
0.00044470043582442177
0.0004461872453452472
0.000443643596881644
0.000444129382843373
0.00044612083472649603
0.0004441665872399735
0.00044356106081977487
0.00044357151725934975
0.0004436983461814499
0.0004435274441666569
0.000446030756258083
0.0004434349790880942
0.00044594271582622
0.0004451954980317823
0.000456605215899634
0.00044222786093189105
0.0004435470425708238
0.0004420151214404247
0.00044223783019447556
0.0004425900683795154
0.00044452406152108495
0.000454530401713224
0.0004413365053125156
0.0004415806080714151
0.0004422823702931871
0.00044241976717151945
0.0004472782696664899
0.0004420057176374108
0.00044968589720018086
0.0004414927345783551
0.00044221524245231705
0.00044610388909325176
0.00044213926502989097
0.0004423193589564437
0.00044676452846705863
0.0004420637282951683
0.00044219835569909944
0.00044293755005734664
0.00044281837794001494
0.0004433045702987956
0.00044222601346299666
0.00044283926085086396
0.00044231455250206734
0.00044279742894522085
0.0004438234469315449
0.00044483957653127534
0.0004422488164582379
0.0004420959605472685
0.00044475934543514704
0.00044139390056353465
0.0004423708457456711
0.0004428187076873745
0.00044247517942392543
0.0004428242188770779
0.00044231210874083143
0.0004415924441093954
0.0004435932792403517
0.00044137146170235704
0.0004421055485784897
0.00044133709661014033
0.00044332037819318914
0.00044700336285633197
0.0004426990917126153
0.0004406940203894655
0.00044055854955076456
0.00044263832790933844
0.000442260448769405
0.00044540434260468425
0.0004412233098540701
0.0004411931444061674
0.00044303003328978376
0.0004418616944988544
0.00044127717883504384
0.0004423820987465198
0.0004419104659871472
0.00044555023203837524
0.0004422323410007365
0.0004412754185815886
0.00044320537282227735
0.00044104383354345736
0.0004426091450278835
0.0004411666591040077
0.0004440360988233632
0.00044253485389868344
0.00044283430993391
0.0004400922398147459
0.00044185220463302836
0.0004411918677277433
0.00044109363029342107
0.00044369362675040813
0.00044206401164929317
0.0004405670649665577
0.0004406160806196591
0.00044204047020438675
0.0004428174032978775
0.00044103125310057266
0.00044050114181295357
0.0004468033770860016
0.0004395835859264576
0.00044016789555820105
0.00044063408647759177
0.0004402139104430936
0.00044277392765015313
0.0004415103127156375
0.00044094147585200226
0.0004403994130716035
0.00044275285551638
0.00043961537825927235
0.00044228791740643037
0.00044022615057287166
0.0004405270976271087
0.00044010086934060695
0.00044153830320451396
0.00044120420592686426
0.00044002173583349057
0.0004403218889198644
0.00044133844422314795
0.0004432924576303476
0.0004401365820458313
0.0004405420037830193
0.0004400967066283814
0.0004402924243171727
0.00044094271502202444
0.00044150949598339203
0.00044113638007432446
0.0004391061212589331
0.00044021732298727995
0.0004406877722869329
0.0004404523791614674
0.00043991622272971097
0.0004403236304431318
0.0004412948106655316
0.00043950148594178406
0.0004413888644482387
0.0004387471171537039
0.00044081467190348596
0.00044072807686581665
0.0004419876555889144
0.0004393032835735002
0.00044107616520963193
0.0004425164425081693
0.00044175628388282097
0.0004389664878040589
0.00043913150114382283
0.000438900003032974
0.0004403034593754758
0.00043921127262995535
0.000440617478371939
0.00044087523476546474
0.00044090052388098225
0.00043991215808682834
0.0004400422568194777
0.00043896210032957835
0.0004402012449939714
0.0004415040697038739
0.0004389298534775368
0.00044053985355744634
0.000442657207746655
0.00043897114201562584
0.0004390172628461454
0.00043832782777748606
0.00044243109086682103
0.00043771484664644394
0.00044228519134764427
0.0004389281921578946
0.000438266748058373
0.0004386635241329227
0.00044122303274334116
0.0004380834657735754
0.00043876722444266867
0.0004395866794811359
0.0004391960524792534
0.0004400045645735211
0.0004430619297432329
0.00043812893008699535
0.0004379421072203678
0.0004386839358114542
0.0004396043420483423
0.00044021860317161105
0.00044191227388251636
0.00043850158974789575
0.0004387588321658546
0.00043988150349286425
0.00043932246626354754
0.00044053355983009705
0.0004386438826973498
0.0004381525251290549
0.0004396176050384852
0.00044035762371710525
0.00043875717977907126
0.0004382247484455088
0.000437486000634152
0.0004388244963626042
0.00044081195007099864
0.000440234845894521
0.0004378404997930041
0.0004393870004056261
0.0004392431204809681
0.0004380727463429517
0.0004388485134582315
0.000438948387238612
0.00044198166192878076
0.0004384862434805952
0.0004388548198644773
0.0004368580196002074
0.0004945404457985716
0.0004470907084462494
0.000436708105865577
0.000435916940614784
0.0004365852755024144
0.0004368255356912234
0.000439201158424532
0.0004360430214819944
0.0004368548698549654
0.0004385584513326375
0.00043930096784990786
0.00043698014705303577
0.00043938855741252947
0.0004381592710703771
0.00043811665850010677
0.00043857258791795534
0.00043896718773677357
0.00043848732666177027
0.0004389492164576494
0.0004394394562659607
0.00043865019140884945
0.0004395793948788196
0.00043801938490204437
0.00043748046696822317
0.00043859080211320896
0.0004417370031234307
0.0004370185605553056
0.0004425127452651266
0.00043721564900569567
0.00043740580498130235
0.0004380107590261687
0.00043838207145827047
0.0004378503251693245
0.0004374845677267502
0.0006997400469057533
0.0007486082115917538
0.0006102724064206059
0.0005745589524690406
0.0005556936758084733
0.000541116125196243
0.0005327344013542466
0.0005249000815659294
0.0005163032397867577
0.0005077215965465326
0.0005026950573713116
0.0004968467023855278
0.0004942784760732868
0.0004907025779457609
0.00048793920939373277
0.0004846714356324018
0.00048373493795489077
0.00048041544150001687
0.00048022731462810125
0.00047754772630268123
0.0004779231464090717
0.00047952550582099003
0.0004720556646356476
0.0004719261996557155
0.00047262111661814326
0.00047021242713082346
0.0004681280594920008
0.00046921302195601536
0.0004668269210753243
0.00046709307752589604
0.00046447178897549317
0.0004660543697892316
0.0004649539824871795
0.00046237485309242097
0.00046295917703594903
0.00046246886624502813
0.0004611069053371526
0.000461209960079755
0.00046121769391842455
0.0004629411613806873
0.00045941381756732665
0.000457273200388672
0.000459879099544316
0.000458782889650483
0.0004568362762043468
0.0004569801662144906
0.00045645746660630894
0.0004567973718751013
0.00045706478766666684
0.00045596604381853916
0.00045485815454793867
0.0004541615912500191
0.00045664966436450313
0.0004538834871487575
0.0004547432037347024
0.00045337349736583555
0.00045315759285682004
0.0004525331530770711
0.00045556962188861945
0.0004523982865030481
0.0004527160021662405
0.00045196334205155965
0.00045245735671312824
0.00045238028218195136
0.0004576945448987395
0.00045122895875819666
0.00044992624921493673
0.0004530084401441326
0.00045176039479838886
0.00045045439162362283
0.0004502549575773919
0.0004498000091891551
0.00045525362930666323
0.0004491859530413788
0.0004501961623648913
0.00044893181714515136
0.00044973824000702216
0.00045023091253056113
0.00045011758528843446
0.0004499087465747195
0.0004484703080043221
0.0004496380603962913
0.000450710810969888
0.00044880753293519734
0.0004491487144501788
0.0004479450712721217
0.00044849319149134525
0.00044988411013421176
0.0004479421982533996
0.0004474134656997158
0.0004485001970618877
0.0004486776614621614
0.0004499598360918585
0.00044740027715006335
0.0004475989740913605
0.00044604484366465104
0.00044730450633741155
0.00044681142078921595
0.00044872653880002894
0.0004460389168568804
0.0004468198692565938
0.00045492528892036144
0.00044531577676703703
0.00044644121363030583
0.00044680235460984577
0.00044631458776265307
0.00044650368850828815
0.0004458318300400753
0.000445887996206558
0.0004470857478280186
0.00044743895786968074
0.00044594152794809696
0.00044599221510237865
0.0004470055020358967
0.0004459885011462452
0.0004451689095214845
0.00044526193141491575
0.0004452875283778808
0.00044612923949010204
0.00044539933876294285
0.00044500231765911424
0.00044582408467513625
0.000445055416973443
0.00044605022672065855
0.0004443973242328272
0.0004453243260892729
0.0004464560707995711
0.00044523629555079115
0.0004440711642325035
0.0004459273697510239
0.00044434101494849834
0.0004452119883773818
0.00044519456450000603
0.00044369998070251554
0.000444006633644358
0.00044476936695015323
0.00044531418767868367
0.00044416727103591087
0.0004575902664505265
0.0004450525355981755
0.00044224392403710154
0.0004429191168629727
0.0004426389188227542
0.00044313869239276783
0.0004453199417845165
0.00044440615095394867
0.00044284192697304875
0.0004429744384420587
0.0004436436724747614
0.00044360010288794073
0.0004438954709395889
0.0004453474222359681
0.0004429951826534649
0.00044447005460908633
0.00044282834941180107
0.0004424179348788799
0.00044280875840365714
0.00044342198581265736
0.0004431071334669102
0.00044316981168749677
0.0004427814812948097
0.0004426816368103642
0.00044385408971108273
0.0004418965053695435
0.0004435358912893033
0.0004429719921834644
0.0004436735455876542
0.0004424522918066557
0.0004432480020576123
0.0004428937437017402
0.0004417959125420515
0.00044369267496870515
0.0004468530165984391
0.0004430706104649409
0.00044112472932112616
0.00044168462468120625
0.0004416288955524416
0.0004421931885685403
0.00044133125154283083
0.0004424552784551845
0.00044445141038792856
0.00044267127844013223
0.00044127342175145207
0.0004424295514374787
0.0004423916468200068
0.0004417124117314262
0.0004419109579667498
0.000443382324015402
0.0004421752075881393
0.0004409221091258521
0.0004416907416724234
0.000441836420655644
0.000442611489375045
0.00044068607264244466
0.00044160572957576376
0.00044168595231534674
0.00044198508657555005
0.0004411726910889874
0.00044161324681661927
0.00044137631272497547
0.00044185879362498105
0.0004411803442437706
0.0004413846670611525
0.0004440730234197719
0.0004406147848748642
0.0004402364052066782
0.0004410606552693046
0.0004412141685618438
0.0004419917169660207
0.000440906836914833
0.0004423779864617233
0.0004401222495139321
0.00044113331293401374
0.0004403015912553486
0.0004396277150176097
0.0004420567876559439
0.00044155630560456575
0.00044017215038453025
0.00044027865955009813
0.0004419278015925091
0.00044191496910853155
0.0004413840358057935
0.00044016929878545896
0.0004415942608415712
0.00043940814813251663
0.0004411735845669772
0.0004412661684621679
0.00044059391867710593
0.0004401587016293441
0.0004397842663466291
0.0004400428617565213
0.0004397359123013963
0.00044015812608428766
0.00043913800685847846
0.0004398091602071554
0.00044095632668181934
0.00044114342704338477
0.0004399354302012377
0.0004397056768794326
0.0004411640105593839
0.00044148447783125977
0.00044607031479917416
0.00043978156017065783
0.0004385586433410767
0.0004397056086823381
0.00044052514171522884
0.00043851518373407743
0.00043926595248398756
0.00044077583077661815
0.0004391905522395061
0.0004405678115806638
0.0004391077002618007
0.00043907401099318495
0.000439587565274946
0.00044005766811414863
0.00044013881016977547
0.0004392000683275952
0.0004392668560474632
0.0004396395972567202
0.00044036472850961754
0.00043905702184827343
0.0004396145610467657
0.000439309453585557
0.00044196909099506837
0.00043883418275132507
0.0004388316666627481
0.0004390351420111659
0.0004380329574685753
0.00043851815174847055
0.00043915732459798334
0.0004397138571689403
0.00044018191217426396
0.00044022667021552104
0.00044049733410982827
0.0004388278559820032
0.0004386115400812192
0.0004381700706085737
0.00044020820417127915
0.0004380252657007893
0.00043868605597267423
0.00044029060105344424
0.00043846607980896216
0.00043775954148532334
0.0004507138744602134
0.00043905365127891845
0.0004388263201065939
0.00044329122076557933
0.0004378967619156803
0.0004375451870674495
0.00043847657553390556
0.00043756437734562424
0.00043800443629104114
0.0004387691764164064
0.00043892939636489936
0.00043787032343899036
0.00043937257258989926
0.00043787421461151724
0.0004378021855127042
0.00043750889862506425
0.0004385989119964206
0.000440940160032288
0.00043818721151603357
0.0004381064395497095
0.00043817822035346736
0.000440916288071604
0.0004376895044140346
0.00043838846152602227
0.0004385654281835585
0.0004371285106965245
0.0004377704999899867
0.0004383427396004792
0.0004390052810969083
0.00043824007636683045
0.00043777159431322227
0.0004389802050252719
0.0004375635959606052
0.00044127754210463723
0.0004374417752986497
0.0004379351249905211
0.000438153911643222
0.00043726128611710574
0.0004374817549327862
0.0004375518577998633
0.0004386351420390404
0.0004381006539387401
0.0004412187283540532
0.0004372599256330972
0.0004368487761083917
0.00043730500948357183
0.00043910403510020806
0.00043738930368574685
0.0004370913094696481
0.00043773321010688745
0.0004396653135165744
0.0004383731511822616
0.0004377895862435793
0.0004382932874859732
0.0004374923653441109
0.0004372659232313729
0.00043757895394627976
0.0004377211470013982
0.00043741247379267125
0.00043928352207262005
0.00043611155600800324
0.0004372103337625736
0.0004365360950236593
0.00043832855642982223
0.0004371775220272749
0.0004375045237334279
0.00043699924204738277
0.00043656290426201773
0.0004374778756707378
0.0004425803037082143
0.0004367680108657248
0.000437357530851538
0.0004376765059517764
0.0004368885934142328
0.0004365332554311187
0.0004366924879625255
0.0004382430817455471
0.0004375940921644161
0.0004377480382203484
0.000436213132986805
0.0004371499431222714
0.00043830822908516245
0.0004372421405992775
0.00043801453253469454
0.00043727390651772467
0.00043769872408489337
0.00043673755942226044
0.00043663188965726804
0.0004385749726070601
0.0004366929730263665
0.0004368629280620688
0.0004362220012024967
0.0004377490700615982
0.00043707452088182565
0.0004386863325070897
0.00043682905437314126
0.00043715044432288965
0.0004372357547578245
0.0004362834465925093
0.00043859348734979066
0.0004380184425334615
0.0004373357658929164
0.0004361417095934536
0.0004363401977171685
0.00043767161554773723
0.0004357971529946616
0.0004371593718988692
0.00043618044957730663
0.00043693603064078013
0.00043941817128041104
0.0004354225231100968
0.0004368605017823416
0.00043595375532742354
0.0004371431844060005
0.00043690090270162785
0.0004364700404225569
0.00043693001152680136
0.0004372851067858905
0.0004373294043526816
0.00043642883924398533
0.000437456858382797
0.00043615586433264585
0.0004352500103951951
0.00043741660826553656
0.00043716843923086624
0.0004366017312692054
0.00043692607396103985
0.00043668125052214065
0.00043731349569948227
0.00043711252760283477
0.00043846497808970364
0.0004357698236333926
0.000435816846970813
0.00043556707127022837
0.00043651620471671766
0.0004369381118047884
0.00043501954138810706
0.0004375768505942027
0.00043621728321223863
0.00043603527073812954
0.00043699356247809264
0.00043737829244840066
0.0004360869196635477
0.0004363670190581099
0.00043595058896514304
0.0004383866368215101
0.00043503924064713196
0.000436136326537446
0.000435830699433588
0.0004358655546804146
0.00043662666950586927
0.0004359371281073739
0.0004367544115966696
0.0004363789512443882
0.00043675525464723043
0.00043824755278548146
0.00043558034876426034
0.00043791471071857896
0.0004360320489537032
0.0004358509980586262
0.0004364884898017342
0.00043597567925251183
0.00043657933399865017
0.00043548809173486194
0.0004378759174257296
0.0004351552747375956
0.0004393587859229126
0.00043512491444771243
0.0004353634467526729
0.0004360335800265002
0.00043744078797761587
0.0004349176549289695
0.00043629112097483876
0.00043536396159271005
0.0004367779941519372
0.0004357446383503527
0.00043702080327919114
0.0004371404572906397
0.00043591675869183056
0.0004350448524035366
0.00043535062550680817
0.0004365450360469532
0.00043412411641928896
0.00043804766710159115
0.00043525390905979714
0.00043533408607851113
0.000437320291107711
0.0004359849266824697
0.00043535023121233946
0.0004361268486781507
0.00043566044433066995
0.0004357250277475506
0.00043462478145019523
0.0004350568554763722
0.00043735261422523573
0.0004361033492080757
0.00043601397249737
0.0004348302153999558
0.00043606477625907796
0.00043496947684448225
0.0004350850728406531
0.0004357279047044148
0.0004350333166248764
0.00043668153435652676
0.000436777890895773
0.0004358015820597646
0.0004354281009600587
0.00043719713483927864
0.0004364979839899113
0.00043667647499658736
0.0004352843616558884
0.0004359505477587296
0.00043524765701912247
0.0004344476011724645
0.00043542287965603294
0.00043578009296319273
0.000434768137890114
0.0004366660873304204
0.0004350765667419278
0.0004354356517231479
0.0004379726148543959
0.00043884162756878723
0.0004345397460128399
0.00043513179073193214
0.0004346310607697077
0.00043510156587571545
0.00043606650558371013
0.00043605176915211766
0.000436236560897957
0.0004350377638438538
0.0004358129405259791
0.0004351201342155991
0.0004361773288398428
0.00043546966804966036
0.0004361565455351726
0.00043533547720318606
0.00043465598699984084
0.000433503355248447
0.00043618011464312576
