0.04861008439200743
0.022613220175008962
0.019381640060949248
0.017858427426725526
0.01686688865113868
0.01626774938561932
0.015767201393990234
0.015263941827485271
0.014979625000885807
0.014603682750645447
0.014418129464949515
0.014172748345943174
0.013950760138187275
0.014182964140063661
0.013516498231651759
0.013427825586212546
0.013389588548823356
0.013150534740105123
0.013095925085664583
0.01316465526548746
0.012911331839859486
0.012950602337939314
0.012786999320236369
0.012826504176574768
0.012524475816870877
0.012544665897492528
0.013537285806420612
0.012596978037541258
0.01248631906686443
0.012298495551761818
0.012397224403204697
0.01234252621164613
0.012173411113643411
0.01224567021301674
0.013113558553651025
0.012116829864680767
0.01217917060608616
0.012210316316719495
0.012018219856760486
0.012343967628508512
0.012224626684370804
0.012732810614378538
0.012006808843820205
0.01188901447300667
0.012033031192967798
0.012014657661638442
0.011924066147444273
0.014811790044182795
0.017812323618200746
0.01446191654863334
0.013981084655908861
0.013544581978037805
0.013232722601825647
0.013238416668089113
0.012995389858783275
0.012937412216103707
0.012831539733230871
0.012653104309299992
0.012564410643018905
0.012533735299464499
0.012551430342319382
0.012667327538353972
0.01242877013993637
0.012395978647072127
0.012407328884298652
0.012221515980908777
0.0121663667556673
0.012234582630271959
0.012471929838014121
0.01211450931311834
0.012023807423367555
0.012006852508402697
0.01247156685273541
0.011966971262502592
0.011965973594720803
0.012120500517388185
0.011901572472707863
0.013076728332800047
0.011968331359228482
0.012245048944017674
0.011977663334373003
0.011899459040523952
0.011940786682634857
0.011798994975293627
0.012953605401412686
0.011857903897516404
0.011802159431129201
0.011862643849928387
0.011815599974232538
0.011746853768284564
0.012048840492029395
0.011740916181146706
0.011706195657968325
0.012398536184882568
0.011828204641493634
0.011635359272164086
0.011651926538707202
0.011852909749367646
0.011655274234564588
0.01162587598015373
0.011493773012123879
0.011497146824971088
0.011491702070379807
0.011515050189010185
0.011494782289164295
0.01162930574919721
0.011478298995336486
0.011464801573935318
0.011473102599579116
0.011454734631595832
0.011473128061876833
0.011447891580684743
0.011439544831098306
0.011434928311201015
0.011450911306533286
0.011432852811201571
0.011473685057323562
0.011416871235905702
0.01140564445578324
0.011445443228919907
0.011535874826114366
0.011388908260234512
0.011398972924983148
0.01138688215106824
0.01141968038449488
0.01137222791330354
0.011365189281578111
0.011388133894713602
0.011359284902391064
0.01139691003933303
0.011369045660907877
0.011354451485765058
0.011347174475418262
0.011374615169692747
0.011365159519213458
0.01132912812416408
0.01133811966248668
0.011345306973867488
0.011334424967517947
0.011317715721924117
0.011335810455847101
0.011327967975940248
0.011323522638050046
0.011323069833932144
0.011316797806706169
0.011334432095362999
0.011293123058187884
0.011423750470081965
0.011288814852167867
0.011300360888439437
0.0112761350459244
0.01128811986422283
0.01128434039123676
0.011281056514028276
0.011497999144957798
0.011259446052754475
0.011263541542239512
0.011259524286924416
0.011273958022543306
0.01135283321289733
0.011245053488970196
0.01127555292935753
0.011255978099485435
0.011245909896940486
0.011306601745559045
0.0112548711411532
0.011259653132175258
0.011235346685689275
0.011316414467572379
0.011245140080453932
0.011267409088219157
0.011234126530169653
0.011228669379459748
0.011252633969087412
0.011691524078546971
0.011265201524834428
0.011231145357387295
0.011206827639746588
0.01121652886738675
0.011414905189361313
0.011204990438453041
0.011208718737876258
0.011249043068943834
0.011217862564345003
0.011220949145630248
0.011590520218137664
0.011196517376321376
0.011189646613184768
0.011206299290921625
0.011199634457652522
0.011204943632577905
0.011211096275315033
0.011206955655106026
0.011350677222652797
0.011192268624336216
0.01118664963865536
0.011184821304905139
0.011218889198410433
0.011199157841798693
0.011220383036746443
0.01112717078697465
0.011125641970252833
0.011126851875076789
0.011131657232152353
0.011124670855922274
0.011127367271448519
0.011132166945304807
0.011131145604102327
0.011124188630617295
0.011127414885699356
0.011122270877605225
0.011124361168113675
0.011129549971901544
0.011118181719884226
0.011129506150561788
0.011122592697196667
0.011122127521549514
0.011115923090515161
0.011114082167004989
0.01113755385953896
0.0111082606079063
0.011109180428800804
0.011108384320125132
0.01110478020011887
0.011105061831450698
0.01111649047804646
0.011128105505956675
0.011092834042465137
0.011101872337484124
0.011103580555211592
0.01110405269887286
0.011102593168862189
0.011104544636980929
0.011101451665531881
0.011100900285683645
0.011098953603271998
0.011102092366284467
0.011090365112467174
0.011100494499524237
0.011099579621094091
0.011091825521547999
0.011100195956849817
0.01109846541196993
0.01109799339432921
0.011092980352319506
0.011099796868221398
0.01109187305895704
0.011094046781214551
0.011095059417778313
0.011092376965943342
0.011087830633343053
0.011089718061508519
0.011089063710579187
0.011088712927777775
0.011086165994135264
0.0110812882428663
0.01107963227756051
0.011101083282885378
0.01107625313496629
0.011085372421238878
0.011081063674252616
0.011079373302263985
0.011083546030049277
0.011075663822933589
0.011086803658100048
0.011081383932418752
0.011061938169101873
0.011074334453705316
0.011079106713482256
0.011069662543167375
0.011077661405351295
0.011072423720959783
0.011078748990329776
0.011074415352748761
0.011214047021819617
0.01106836564420867
0.011074272138081959
0.011066395103956017
0.011069587594752657
0.011060682485009184
0.01106825537930424
0.01107829095174869
0.01105390754974026
0.011070949892227603
0.011063468940678996
0.011065735072881082
0.011067307228376172
0.01107552007344788
0.01112220140954744
0.011053090051382091
0.011053074215824651
0.01105269242582148
0.011060984808299998
0.011062486920960665
0.011053430826307917
0.011060457400018625
0.011055103994955127
0.011055614003180081
0.011055103060558881
0.011065279594668657
0.011029124693336462
0.011017556406754276
0.011023844792061907
0.011020421158067464
0.011017833980839244
0.011018478852564548
0.011019179336234877
0.011016221824578523
0.011018238583634985
0.01101841421324526
0.011018319959097569
0.011016990479217111
0.011015429622539789
0.011020477676745688
0.011017699381674673
0.01101359329109538
0.011014585884244922
0.011019555372324321
0.011017300256162193
0.011015171735323105
0.011009429430853415
0.01101818806783791
0.011009683328444021
0.011006858451875916
0.011014714717201076
0.011015243794486271
0.011007217739527375
0.011011398099239903
0.011013359114183451
0.011011320870160664
0.011015542801285144
0.01101515117553201
0.011010174390555608
0.011006677434118864
0.011010797426915995
0.011010445752749742
0.011007413842865932
0.011011480399877718
0.011013998050648387
0.011014294162048365
0.011006886571362959
0.011004716277786411
0.011007956524222795
0.011006475524614156
0.011006078861112838
0.011008557814354747
0.011003026139396842
0.011007739793472361
0.01100141139203074
0.011000596168189748
0.011006349252026664
0.011003736852247132
0.011003733446618707
0.011005829011548077
0.011003110981961288
0.01100420637099263
0.011007739916419235
0.011002256424341461
0.01099771861810692
0.011000376372988467
0.011003473727493593
0.011001133267758506
0.011005141514141371
0.010999006535796442
0.010999862722462356
0.01100294686017847
0.010996998149422135
0.011001881519363264
0.010999185042363583
0.010999157111907359
0.010998008597531531
0.010996811669750183
0.01099853075598136
0.010997741848918864
0.010992682145496603
0.010995518170272556
0.010996351455009417
0.010996211609086974
0.011003581880785452
0.010999673946757521
0.010997256789688426
0.010998433701718602
0.010991804452348661
0.010996525221974543
0.010993799471324034
0.010998087839865842
0.010992978293780643
0.010994196786443786
0.010999431563141716
0.010992388511476147
0.010989510804636053
0.010991972222579981
0.01099782221929075
0.01099010045477266
0.010997265543505894
0.010990296598068952
0.010988724814488156
0.010992289742104488
0.010988871118195184
0.010992307729232233
0.010968627660187951
0.010971089668276876
0.010973166345492644
0.010969803806873832
0.01096794376819834
0.010968322023478869
0.01096815819984222
0.010970525163849785
0.010971554478157078
0.010972020486769306
0.010969356252587471
0.010969886746835394
0.010973499719016623
0.010967823427797544
0.010971634064742638
0.010970151737307754
0.01097040759897468
0.010971723345689254
0.010969356224924424
0.010966778446984763
0.010962687457355336
0.010970643948972618
0.010965489988328993
0.010970021287600199
0.010969281525477128
0.01096953769451124
0.010966666088909796
0.010966079752191459
0.010966651731788521
0.010970613246064374
0.01096583140872591
0.01096597994391871
0.010967225859882218
0.0109697624844293
0.01096865200674278
0.010963881477443102
0.010963542485246957
0.010964794314955131
0.01096573517820721
0.010964503152166852
0.01096186594170804
0.010962561126368077
0.010965841318243998
0.010968040742545631
0.010961861912124228
0.01096380888038736
0.010967802717396528
0.010964200294057135
0.010966640706527548
0.010969099683976016
0.010956285293936337
0.010965830498919039
0.010961926689758749
0.01096138872956187
0.010964094910143626
0.010962676263042408
0.01096176756576638
0.010967114451571856
0.010961919417451121
0.010960111081010044
0.010961295240758473
0.010962995153424566
0.010962695049324839
0.010960107152857402
0.010960847987691955
0.01096511805559149
0.010964543309689748
0.010960522495062635
0.010958561477045416
0.01096468800279272
0.010958625941165406
0.010956049995134175
0.01095604574731966
0.010962948701021696
0.010962055089327172
0.01095895264482144
0.010955801405774878
0.010961110685205106
0.010958403259786245
0.010960302687566667
0.010960514269916727
0.010959243423400735
0.010961436100992629
0.010958062783006591
0.010960008100707932
0.010956364548565333
0.010958373967693388
0.010960683066754452
0.010954444613246241
0.010959311520600869
0.010961840141306418
0.010959702900460255
0.010957218943280552
0.010956907266806258
0.010955259535867389
0.010953968914883464
0.010957371806203335
0.010957609330343924
0.010961476418346461
0.010958565291472197
0.010944325298611874
0.010946872216886026
0.010945408285377246
0.010946498316998529
0.010949435705325195
0.010948223541352418
0.01094339071179774
0.010945627511949232
0.01094893806555582
0.0109493221485182
0.010945793327325247
0.010946895383150862
0.010944853536784649
0.010942873016319457
0.010944453049635533
0.010941857650335078
0.010943632093396518
0.010948097130449691
0.010946679460776128
0.01094473602723564
0.01094714960040334
0.010948197040153613
0.010943597087347665
0.010944520867131527
0.010946314130285786
0.010937857607582419
0.010947876545314742
0.010944641158353575
0.0109459329427223
0.010942617932291511
0.010938613946017849
0.010944861313174464
0.01094328569057751
0.010946435927607046
0.01093979659044605
0.010944073887621806
0.010945297122960634
0.010944977516412931
0.010940830143346842
0.010940864205778432
0.010943259910154756
0.010940726216353796
0.010945323141592958
0.010939403234215656
0.0109467977172274
0.010939261817646892
0.010939282574152985
0.010947100366327431
0.01093971558689776
0.010945143921933945
0.01093869928959081
0.010944042038233957
0.010942761380557376
0.010937054878217552
0.01094441073746866
0.010943286535837272
0.010941802188999976
0.010942309504688377
0.010937447791839196
0.010943252202922558
0.010942919321186078
0.010946793850548196
0.010939224349586878
0.01093994506416541
0.010937898708722575
0.01093986785045453
0.010943214654947075
0.010935525025668318
0.010942482626182411
0.010939800032958536
0.010941981021376333
0.01094098501030368
0.01094071794202914
0.01094280928680704
0.010939746689383346
0.010942218167455282
0.010941265922396293
0.010940257130996032
0.010939130657921136
0.010942609258389512
0.01093976289378141
0.01093961576018298
0.010940918606696742
0.010937429737090672
0.010936632017810942
0.010935752880037224
0.01093285265547706
0.010938391507458765
0.01094162350723354
0.010937812433827042
0.01093705569888794
0.010942435033447278
0.010940790729652537
0.010940648440160964
0.010938117741653234
0.010940210020827382
0.010932095613170772
0.010941714383415853
0.010939909006920781
0.010939636292311029
0.010933742778554018
0.010934589636625826
0.010931596820774448
0.01093544133573082
0.01093535740912059
0.010931148107713796
0.010935686079926617
0.010933915983037194
0.010934948666088849
0.010929095134655438
0.010934143290292509
0.010936335236350498
0.01093404330067312
0.010931831910566922
0.010933995142382363
0.010929935863825551
0.010934588407157081
0.01093269457038578
0.010931059675100612
0.010928437295108541
0.010931352279440995
0.010929612937712236
0.010934834752735918
0.010931612044671187
0.010931223142191325
0.010929738988995356
0.010933006824710385
0.010933808945488222
0.010933580239712208
0.010925471066518783
0.010930473358361142
0.010928826781586059
0.010935120588850857
0.010928801011921155
0.010929415429705637
0.010926060624445233
0.010932243745712557
0.010934273939788734
0.010930950532086415
0.010936408208394208
0.010930003097323891
0.010934984268430042
0.010927533251371715
0.01093195268435545
0.010929337312335228
0.01093210267032137
0.010929005079143512
0.010930686503673348
0.01093401425447401
0.01092748486562924
0.010932395145567533
0.010926624962894043
0.010930467698194406
0.010931525490071514
0.010926760514896891
0.010931593172325947
0.01093261241113687
0.01093096787681674
0.010933409807681054
0.010929284245390506
0.0109289620723268
0.010926387755341656
0.010931415338892945
0.010932967066764832
0.010929954050741967
0.01092655765870125
0.010931654298438294
0.010931153050178152
0.010930617868580636
0.010933583528541102
0.010927768107565126
0.01092945155764472
0.010930092390565195
0.010931209153910675
0.010924327350144732
0.010931162655402725
0.010929288812866896
0.010927741655545069
0.01092769468061798
0.010928767330624875
0.01093067077262075
0.010929667347851562
0.010928224400300593
0.010928425956333037
0.01093144944435594
0.010926816142210275
0.010931348320551634
0.010926276931028949
0.010928118048180448
0.010927401043523853
0.010930058119123919
0.01092798962402265
0.010929830830310634
0.010931374634256457
0.0109261170509133
0.01093116180706929
0.010923796566971655
0.010925077618078233
0.01092979750248662
0.010927149583355035
0.010922693459950264
0.010924419744720948
0.010929416198123603
0.01092776102275148
0.010925639383863695
0.010928232364184392
0.010924769319569316
0.010927320030754549
0.010925590905911066
0.01092823328628595
0.010922626690576375
0.010922785012340388
0.010924789098647757
0.010926783398383915
0.010920977610295559
0.010925256837737245
0.010923997612774568
0.010929403242596699
0.010924545282700865
0.010922922513051199
0.010917715792830037
0.01092482055767928
0.010921269971815863
0.010929137225517936
0.01092798432808603
0.010928460230847986
0.010926751217039505
0.010926397286798104
0.010926132849586679
0.010926296092299346
0.01092458816349703
0.010927567747191037
0.010925881813584578
0.010927146392883641
0.010927535565846627
0.010927073961806179
0.010925101872422908
0.01092551243199472
0.010924110880656408
0.010922867334493906
0.01092544704577317
0.010927227451758023
0.010925582431797738
0.010923919151152912
0.010925707250538439
0.010915854281865724
0.010925404306365908
0.010929241250868481
0.010926827093703125
0.010926684665896318
0.010925847729637285
0.01092307047654103
0.01092966688065344
0.010926027404199732
0.01092733996044291
0.010925039618272986
0.010921448567519487
0.010924013890940757
0.010922322636808302
0.010923855277177917
0.010925851199812818
0.010923820166624222
0.010921447205882851
0.010924878665445859
0.010924249915129478
0.01092678754476726
0.010924686170598068
0.010923663716726375
0.010923189931724331
0.010923468762941093
0.010914896491902693
0.010926643638524285
0.010927371689957558
0.010926123308909215
0.010926407257789629
0.010926175868698079
0.010924691085399377
0.010920938995755938
0.010924516479321833
0.010920490301137316
0.01092096398778186
0.010922021167998267
0.010924195621789682
0.01092773225318284
0.010921755209319269
0.010924149430648919
0.010923406431949374
0.010922435734101352
0.010927696715388754
0.01092246918948275
0.010917577680458528
0.010923341986271415
0.010921441495000529
0.010922371305328587
0.010923897786059789
0.010923474971758256
0.010917037977489701
0.010923925307717654
0.010916252482202973
0.0109242953132629
0.010924379488840551
0.010917706931434056
0.010925242477542299
0.010925738598917774
0.010924292928093535
0.01092123878941481
0.01092264530473318
0.010918430120318439
0.010923834102652451
0.010926075906741738
0.01092184636213205
0.01092361226345938
0.010921794380193497
0.010922494365928983
0.01092445693000315
0.010926840949815886
0.01092269592810877
0.010920345125467863
0.010923709317722139
0.010925284399352845
0.010925669902351626
0.010922611522005729
0.010922613956353846
0.010922968464445557
0.010922611727941744
0.010925871550594227
0.010920690566227577
0.010919950496737319
0.010920656811163174
0.010922975106650454
0.010920190344573838
0.010919462093351895
0.010920087459555554
0.010922051917011589
0.010922232006519738
0.010920257129316087
0.010922523642653482
0.010916799017944352
0.010917458209906868
0.010921152766560367
0.010919999592497995
0.010921357543800924
0.010919530593203042
0.010922555946944768
0.010923135100491959
0.01092061264864584
0.010918900017125576
0.010921708409591476
0.010919751368905647
0.010925550656178014
0.010918719220672897
0.010920952249429013
0.010918394256715137
0.010920207716967209
0.010922577853004137
0.010921878417455915
0.010924220410953261
0.010920892297459317
0.010920515941708002
0.010924562745767556
0.01091968110476685
0.010923109607457524
0.01091678968012923
0.010921546691420054
0.010922771675678173
0.010920490540883723
0.010924501725696888
0.010920255060734923
0.010922303742947358
0.010919280743638281
0.010922477875679437
0.010922821395394236
0.010926132975607225
0.010923993967399738
0.01091977802686172
0.010922939894665586
0.010922139323018368
0.01091896003364238
0.010922708600857863
0.010919285052926234
0.010922295683779733
0.010923708865892376
0.010921970292581584
0.01092175009780296
0.010918089219372068
0.010922660285809844
0.010924747235236978
0.010922873168323103
0.010921858509283254
0.010922384245487133
0.01091906448008597
0.010924188868932597
0.01092345262616381
0.01092304385239535
0.010922252212838568
0.010920388387399341
0.010921984551345357
0.010921662009441026
0.01091885256885302
0.010919660870784973
0.010921575095221745
0.010921219625070741
0.010922676342671658
0.010921150774821
0.010919357619245257
0.010921998007880776
0.010920481349068015
0.010919729619603543
0.010914817224979008
0.010916515812892527
0.010920606983868595
0.010922470554193058
0.01092279070478068
0.010924940197282892
0.010925569221156069
0.010918750015791297
0.010916120886015814
0.01091704192562121
0.010919497087106059
0.010919883140292104
0.010922352574372253
0.0109148167670019
0.010921580458779147
0.010919026999731268
0.010920899612798353
0.01092111184676685
0.01091778763068883
0.01092048623159577
0.01092150315593178
0.01091815642213369
0.010918293154426533
0.010924213635043638
0.010917267909660787
0.01091508873470939
0.010922223080576646
0.010920414197021978
0.01091365617616932
0.010918439030893172
0.010920898982695621
0.010919822496746239
0.010920419932493675
0.010917274514981623
0.010921347582030415
0.010916956067208213
0.010921010999593011
0.010918936145064657
0.010923103257251454
0.010920861732866308
0.010919611061932427
0.010921394249590316
0.010916367947760195
0.01092028382415622
0.01091857662688781
0.010921740391147215
0.010917638164173455
0.010919515157222944
0.01092024841238268
0.010917687226123738
0.010916360564800378
0.010917590854216133
0.010919304072807725
0.010920431511015585
0.01091817387444253
0.010919108123152759
0.01092178980042242
0.010918919937592923
0.010918073857160095
0.010916075580092546
0.010922145144552878
0.010923182053903345
0.010920427253980054
0.010920756551815142
0.010917034983733306
0.010918699868834845
0.01091780105648753
0.010923029704283762
0.010917787077427894
0.010925251019276407
0.010920916508772586
0.0109201620114666
0.010913892341746946
0.010916192542527965
0.01091423471498214
0.010920686453654625
0.0109189348295331
0.01092089314271908
0.010919432355576617
0.010919247627897625
0.010918176969630097
0.01092038175441546
0.010919838907080318
0.010917423366762624
0.010918487502698459
0.010923391564598572
0.010924454824537924
0.010916604153295555
0.010920508260602015
0.01092019267441711
0.010919695311278203
0.010915270041391598
