0.019256936152628547
0.014134921133518219
0.01302993305261084
0.012447768843828057
0.0121032283472346
0.011841479516757203
0.011689252665776624
0.011584177766941955
0.01150885784980094
0.011433147010777649
0.011407844593176748
0.011268778867011416
0.011216574883328216
0.011187207651487474
0.011144139588788987
0.011118742013380865
0.011178758410312751
0.011146875436451568
0.011011443346763405
0.010987498075163403
0.010972217767324188
0.01093346126402172
0.010912236843639277
0.010961971694462173
0.010852433968544399
0.01083990254995748
0.010805109786269295
0.010807464713777843
0.010767516114506194
0.010754343909103879
0.010736510394257878
0.010744600532201453
0.010690712492925303
0.010648604854326634
0.010659265989689741
0.01062067522492149
0.010599641003353958
0.01058374146128645
0.010580914961819602
0.010550030860619576
0.010532500489734777
0.010510016063677005
0.01048211950083377
0.010476880128996403
0.010500681405216948
0.010412846636580358
0.010390685096678167
0.010375421423551077
0.0103489807760804
0.0104654162458264
0.01031367003413612
0.010302687792273441
0.010291472950292499
0.010279924974533984
0.010291116997575012
0.010251871056596536
0.010276081501552374
0.010241564009768932
0.010222701672403136
0.010231351066479096
0.010208549239233186
0.010287793571430661
0.010200505350830138
0.010202756083936188
0.010209512684752446
0.010172101787349867
0.01018148630845173
0.010171144884141168
0.010174948316399413
0.010162095988027923
0.010156037985184307
0.01016662985996248
0.010349493077264564
0.010324345929271514
0.010139584814877596
0.010122279496709801
0.010122597183749424
0.010105041541134563
0.01011267491453404
0.010105362776728353
0.010113147081247848
0.01011016916041032
0.010276129878073833
0.01012033445102842
0.010090272784503576
0.010103829275730615
0.010087640956044197
0.010087321776736885
0.010809177824790918
0.010172855016766208
0.010126230010314055
0.010235134064966794
0.010084660268901991
0.010077988901006507
0.01006756335951806
0.010063421970891087
0.010070962527084469
0.010067928181315708
0.010061586449359216
0.010060896531435916
0.01005725269958918
0.010056109044688566
0.010048579496850963
0.010042158917526994
0.010043091154518988
0.010035362294429404
0.010207819804647574
0.010058373853674914
0.010038325298737378
0.010024093724664288
0.010031710560172304
0.010037577529699103
0.01003148971223841
0.010028304501433577
0.010016724790013072
0.010031615688216568
0.010011734324123207
0.010013025221737599
0.01001278178231551
0.010022796681243003
0.010004243094215888
0.010151390730105217
0.010003363919558108
0.009996127727573658
0.009987611449615593
0.009984653762759942
0.010069209495221231
0.009982508115421231
0.009987280353682466
0.009976110295100574
0.009980535162336166
0.010036732460504318
0.00998024614036034
0.00996544467832389
0.009971272335587556
0.00998408736187731
0.00997063940507744
0.009969590609837877
0.009982831822247198
0.010054199341623106
0.00996354749432393
0.009949746171301446
0.009959990837958583
0.009961101930379475
0.009955510709176559
0.009961217904629388
0.009956472301271686
0.009949455357374924
0.009949008972620708
0.00995146011374276
0.009946826218378425
0.009949516498855632
0.009946659158165306
0.00994559373436096
0.009949550103310114
0.010046294624471527
0.009933377053625512
0.009932207692070271
0.009928003411506466
0.0099328064448861
0.010019706904875858
0.00994494100018303
0.009924801358516656
0.009931007430891786
0.009932955004668275
0.009920866926363592
0.009926463222198754
0.009927112615295369
0.009947664902019914
0.0099155377940868
0.009917358331468338
0.00991822134475946
0.01017586248481136
0.009910075433503087
0.009904805454041305
0.009904432881980053
0.009906763501354669
0.00989802801065614
0.009926189016858147
0.00990715738318295
0.009913612879419288
0.009899354844105125
0.009905919847585777
0.00990866531276762
0.009907421279428128
0.009915961800973015
0.009900749152335691
0.009898172199676926
0.00990322582030257
0.009911094872102682
0.009891132825659742
0.009903160971973595
0.009897395347555479
0.009912179478693127
0.009904940664866576
0.009891957623988586
0.009896384309301086
0.01011485824816347
0.009891230574572342
0.00988537084815329
0.009838177545899801
0.009834386188561473
0.009833018887148734
0.009832982146012114
0.009837716216952985
0.009831655847382034
0.00983040746326002
0.009830099862474616
0.009828669068222195
0.00982662215337108
0.009831937369598512
0.009834519430699915
0.009837009281645416
0.009831939936114519
0.009825522949912957
0.009829300677053409
0.009826685420295881
0.009827483637510452
0.009826326057339463
0.009829783620060768
0.009825714876131453
0.00982265412598455
0.009822591409247012
0.009821003634888347
0.0098258254284242
0.009819910294459304
0.009815303564206897
0.009830363688025342
0.009816533172804334
0.009821262351996434
0.00982311433457797
0.009819632961657575
0.009816972757059552
0.00981933746499197
0.009814517283597009
0.009822529557748105
0.009817456159580856
0.009818674679907045
0.009812643474871569
0.009815479994508693
0.009810425949716333
0.009823343436857654
0.009808588035330914
0.009819208747298509
0.009809224895530506
0.009809684335705962
0.009818725684417946
0.009811716510763657
0.00981454190524547
0.009801634816336061
0.009817792600629354
0.010031772841985273
0.009845892220993739
0.00980884231405683
0.009796164373532184
0.00979922856004423
0.00980328913569057
0.009800306767249856
0.009802842531168815
0.00980614145400107
0.00981060253062805
0.00980540083432355
0.009801160843840034
0.00980372325649405
0.009804022979458468
0.009799160402907495
0.009807918614188437
0.00980756143046537
0.009806323204828863
0.009797329962155214
0.009797741125703547
0.00979866595514635
0.009797692747645251
0.00979451917529893
0.009804903465037299
0.009800866040287435
0.009801869342109748
0.009797016475288191
0.009797320996254388
0.009795683122581184
0.009794438588233178
0.009797730785871398
0.009798231347165879
0.00979749808893247
0.009791756308523834
0.009792765155250188
0.009789786178606374
0.009793353680422893
0.0097921861430919
0.009795051123393645
0.009793904474736636
0.009789477013321992
0.00979534533526441
0.009794167891489004
0.009793291698292931
0.009790356722798679
0.009790748801918412
0.009787761142151585
0.009788601256587324
0.009783600701369567
0.009786704215513106
0.009785545607198878
0.009787362293269571
0.009783724936112613
0.009782619766657404
0.009790607628169724
0.009785876220565523
0.009784941386320804
0.009783630259335041
0.009779886588478837
0.009786839377159628
0.009781951608794063
0.00978958250020351
0.009779430006818213
0.009786759813626608
0.009782235589948032
0.00977909090396988
0.009781758013571744
0.009782358054256085
0.009777773900123516
0.009784605289523554
0.009778672927627862
0.009777566951333787
0.00978062736183995
0.009782943850008174
0.009775617942152539
0.009772583488805263
0.009772435016622736
0.009783165912042455
0.009777251777020914
0.00977505260937088
0.009773806868606669
0.009777805100966602
0.009775441548734805
0.009776039909657473
0.00976841907222869
0.009778287811911736
0.009771801131737508
0.00976983993544732
0.00976661660035353
0.009776472635013928
0.009764810329419945
0.009772390425328178
0.009774457946075465
0.009766259147684173
0.009877964963355768
0.009768175709648396
0.009761893062886133
0.009763029463921147
0.009764291931607641
0.00976384515957077
0.009764069878794376
0.00976633500283209
0.009762834327252392
0.00976422869849323
0.009759774151882126
0.00976183827007466
0.009767967586716017
0.009765668849002804
0.009762794214297738
0.009764985264380379
0.009766301840986355
0.009760964463584789
0.009764170211128178
0.009761491163384796
0.009759058679450955
0.009760250365084941
0.009765158230653985
0.00975993299463352
0.00975675411712956
0.009757458272300932
0.009756796433906941
0.009765187227674344
0.009759250198407928
0.009758403148231629
0.009761940505011345
0.009754177628595246
0.009757157329088785
0.009757080411987237
0.009762010017637372
0.009754763705588311
0.00975371225008575
0.009753550295241595
0.009751858850541485
0.009751095485692174
0.009757141719446225
0.009753400544411574
0.009756294231271685
0.009750824140403236
0.009758837960611279
0.00974700013913288
0.009753878480407468
0.00975525876347332
0.009753838000149027
0.009752636607859296
0.009745559026564014
0.009751513176182709
0.009751600257917107
0.00975502835641993
0.009751101543899417
0.009722487015877128
0.009717020701014562
0.009721024688825061
0.009724250773318333
0.009720941556759007
0.00971891345892704
0.009716998117210546
0.009719675701886121
0.009721117985523966
0.009718079287435847
0.009720479044448524
0.009721664604254485
0.00971991774739802
0.009713788194083932
0.00971749066544248
0.00972098201703858
0.00971572727223139
0.009720775006775416
0.009716763405479712
0.009717321246186204
0.009720258516176502
0.00971640277463365
0.009719103848309603
0.009716827198002402
0.009711957750257978
0.009715821979745682
0.009711081494051631
0.00971719568822742
0.009716757822154773
0.009715710871118327
0.009714501771596398
0.009713771318088565
0.009714702208812284
0.00971232377539816
0.009711234278595783
0.00971458249083004
0.009708275854058883
0.009712977068984371
0.009713115419565451
0.009714423961593176
0.009710140586231309
0.009710566272879197
0.009713767800271118
0.009710798202936995
0.00971399168960332
0.009712483371199161
0.009710014680947605
0.009712873890430424
0.009712545925032089
0.009705551048562472
0.009709703445545222
0.009711214952883941
0.009707621354056468
0.009708377056241823
0.00971235056244845
0.009705357362666834
0.009709931049409872
0.00970889482241456
0.009711856887715779
0.009704928344158646
0.009710152638098686
0.009703870149630525
0.009716155868109698
0.009707210408738835
0.009707650600044247
0.009706934568204798
0.009705256031389676
0.009712162048005723
0.009709788297330685
0.009704474820801527
0.009706706116006712
0.009706571649010032
0.009705982960932719
0.009706767626328043
0.009705138322051996
0.009706239972152923
0.009707915885589107
0.009711033008414822
0.009705148333001255
0.009704605800717478
0.0097107656758045
0.009705680946545928
0.0097062357796645
0.009707981526925423
0.009705006861106397
0.00970802460751026
0.009707088465418163
0.009705830851059543
0.00970030097727335
0.009709507849362522
0.009702195756125076
0.0097045037071697
0.009707452039305035
0.009705006630581008
0.009703519253103253
0.009704858290566372
0.009703710367872377
0.009704676722622055
0.009704782098851386
0.009701469679525976
0.009703151635801044
0.00970615927289815
0.009705429982775115
0.009702081510815586
0.009702820985550337
0.009700756493906672
0.009701215216379748
0.009702814042125599
0.00970306742333933
0.009702474315321879
0.009702030638472574
0.009703138900041678
0.009700144473586244
0.00970142624700571
0.00970023300302009
0.009701772904939482
0.00970226298501291
0.009701218094873449
0.00969619929741318
0.009698611218482256
0.009700446109911396
0.009700260891981742
0.009699408699552416
0.009703900414540528
0.009699338761222835
0.009694553381477547
0.009703988865595741
0.009699003784778979
0.009698102614925345
0.00969719385156537
0.00970173657260122
0.009703759088645084
0.009696441024800044
0.009700252749824976
0.009696877055890587
0.00969583488441389
0.009697849659415165
0.009697498364847387
0.00969617252573125
0.009697927165124872
0.009699498138793132
0.009694981590073199
0.00969825674573777
0.009700238077652336
0.009692062448599551
0.009699116828282773
0.009693260681154605
0.009693773978208453
0.009696265034033324
0.009696193883140193
0.009700570904062723
0.009696519446463967
0.009697003626624252
0.009698088260877742
0.009697515867871813
0.009693829241291722
0.009696356835390869
0.00968988098990996
0.009694466193701469
0.009696218354178734
0.00969710799468921
0.00969607263446936
0.009694043202663805
0.00969344634476668
0.009691283305055729
0.009696696367016425
0.009692048099162456
0.0096932681701561
0.009693882853813198
0.009693457360806639
0.009693537757304733
0.009699723720181696
0.009695824092751977
0.009693018105434308
0.009690638050658278
0.009691663186308673
0.00969132643789299
0.009692497615988302
0.0096957030730697
0.009690050759564826
0.009689795449622
0.009692670287189408
0.009690834495174412
0.009693690508038495
0.009690501012535083
0.00968808141497053
0.00969246911843962
0.009688898005058663
0.009693351013297
0.009689315441971269
0.009689046102253223
0.009693786544915867
0.009691433420115867
0.009694356345279579
0.009692693382759791
0.009690299952900645
0.009690433391754088
0.009691444104199264
0.009690005545851716
0.009692258444359593
0.009671525504108113
0.009674024858847014
0.009674425484311364
0.009675600289339475
0.009672282440372722
0.009672171048967554
0.009673702327700534
0.009674581033623356
0.009675216652059516
0.00967523378163281
0.009674048320184349
0.00967130810483405
0.009670021673264874
0.00966686297749037
0.00967234290871929
0.00967093068098176
0.009676625435747722
0.009670964949349365
0.009677167479317673
0.009669054639233713
0.009673535553338898
0.009670052268594602
0.009679671533700853
0.009672912646072729
0.009673860319044823
0.00967238088854567
0.00967484406616674
0.00967037264663394
0.009673079432729053
0.009668167454587056
0.00967656883715403
0.009670057237185168
0.009669483050691707
0.009673128811267539
0.009673507267873574
0.009673592411657862
0.009667504754028108
0.009669556725069438
0.00966828227313635
0.009670116394610689
0.009669940932515528
0.009674207058430898
0.00967229204713413
0.009672788463582103
0.009670823674169507
0.00966884796400078
0.009673038963228464
0.009670513127269622
0.00966913909605234
0.009672726555220267
0.00966669464016659
0.009670898585700163
0.00967170608540376
0.009673120947278077
0.009670939224252705
0.009670801279396311
0.009671594239095159
0.00967108026275983
0.009666772898925905
0.00966893735713642
0.009672805593155398
0.009668033184305374
0.009670279901659135
0.009666794931005822
0.009670435006825542
0.009668068210333093
0.009669773449672528
0.009666865708447821
0.00967083047313167
0.009667918871375102
0.00967068857092275
0.009670572648925258
0.009671723434744593
0.0096702772398593
0.009674927969724433
0.009670232288945134
0.009663716272109806
0.00966821726805011
0.009666315645667979
0.009668056530380014
0.009669633811222936
0.00966646717615401
0.009671070322505023
0.009667923614050788
0.009669441660626395
0.009667398677001594
0.009667115585675628
0.009671839017101344
0.00966955444286808
0.009667372180413294
0.009667733883970839
0.009664691990800816
0.009668594948554
0.00966885984527937
0.009662147466917046
0.009669767368412746
0.00966343599934094
0.009667590404968254
0.009669410853213307
0.009667543277894408
0.009669356234064294
0.009669745211849119
0.009665690291759009
0.009665638601819281
0.00966620116522259
0.009670608630864927
0.009668184069320313
0.009663705272975043
0.009665187245400825
0.009666316312654773
0.009669065172707188
0.009666429193253957
0.009665259193911804
0.009665524716129397
0.009662898641583746
0.009664999399481728
0.009666505346548046
0.009667180712171907
0.009667726700799694
0.009663098173603267
0.009667457523986255
0.009667496851617746
0.009666638673212465
0.009666548041387064
0.009666748077488772
0.009665632525170007
0.009663810046764688
0.009666651447392729
0.009666751610674578
0.00966628616915481
0.00966815074456997
0.009666421893283282
0.009666814668589693
0.009664274298773446
0.00966570692339746
0.00966537227429966
0.009665814844627094
0.009663777378243286
0.009664103918994712
0.00966210232697206
0.009664208446890608
0.009666497703862957
0.00966348698540981
0.009661939937203335
0.00966307895239627
0.009664481822339812
0.009667463333226076
0.009664938476231724
0.009665098403989285
0.009669649531517681
0.00966770396792259
0.00966477304199102
0.009663489515041755
0.009667945971939922
0.009664109516151176
0.009663603726540855
0.009666467577268188
0.009663811296212299
0.009663115283197696
0.009660963954176545
0.009664834561533366
0.009662638615091444
0.009661864023655653
0.00966504671712323
0.009663559207477586
0.00966258609372348
0.009664037627576798
0.00966298249135218
0.009662927219047896
0.009663750718750379
0.009664499512858221
0.009662164936131082
0.009660453550984757
0.00966275867271443
0.009663001357550077
0.009662041921635764
0.009662828194561473
0.009665585376580459
0.009658252881846019
0.009663440353197135
0.00966261508305966
0.009664607667686915
0.009658756814958534
0.009665213815757249
0.009661580379068753
0.009657990663825678
0.009662685328756426
0.009660714806945804
0.00966664198048339
0.009664144520663193
0.009661688412487409
0.00966051591425003
0.009660435297984396
0.00965808122341979
0.009660340446007528
0.009661401519029349
0.009660563571532272
0.009663301126619573
0.009664721430429924
0.00966282208717548
0.009652972882213963
0.009655689078355484
0.00964733508258763
0.009647191073376648
0.009653978882720172
0.009651848348626013
0.009653915958509783
0.009653633205287724
0.009654227286122322
0.009654629792673852
0.009652719465653003
0.009652124711684269
0.009653522499311383
0.009651864961822434
0.00965143793659045
0.009651374535960922
0.009650886023460146
0.009655469750352327
0.009646422223559898
0.009651261168184749
0.009654556256611355
0.009652347374621397
0.009649949540190472
0.009649346587202042
0.00965202305613473
0.009649456418718737
0.009655568847070039
0.009647662431714756
0.009653120805746061
0.00965158424337115
0.009655673797595816
0.009655749297734632
0.009650388740236708
0.009653176365438665
0.009650086795007534
0.009653723897049726
0.009653683744137338
0.009652753352885297
0.009653839691489837
0.009652311990510906
0.00964969558112643
0.009651299128032262
0.009650991780824788
0.009649421162165628
0.009649074465810958
0.00964892122636337
0.009649312014540922
0.009652624304772112
0.009653312601333503
0.009651522038399977
0.009652406793309025
0.00965015263613252
0.009646297810543882
0.009649408074470834
0.009649736029111317
0.009654971469722369
0.00964648929415363
0.00965342162754817
0.0096511955468273
0.0096514131059323
0.009649371393270816
0.009650315105816713
0.009648769347015584
0.009650382314725677
0.009650594574820386
0.009646956492276869
0.009648027356480411
0.009650272418661872
0.009650037149059595
0.00964911555004592
0.009651835952507386
0.009647885572607859
0.009649452756438711
0.009649178804676034
0.009648984012258525
0.009649405494123305
0.009651242072998297
0.009652221181949373
0.009648598258755487
0.009646517362925086
0.009650937705715694
0.00964815645991969
0.009652337162346631
0.009650911478073683
0.009645579405829753
0.009652386287307189
0.009650924336779923
0.0096520519809238
0.009645210225565403
0.009650024992687375
0.009647370125520544
0.009652283818771442
0.009649415667977172
0.00965038249146181
0.009650259138862588
0.009650505787198104
0.009649339906576246
0.009650589214336655
0.009649479145448494
0.009646367529105923
0.009651742657345317
0.009651650156727424
0.009650040782139739
0.009650921212392475
0.009652678170871518
0.009649688193556105
0.009645001965854624
0.009648736529421099
0.009651340968390503
0.009650690880644045
0.009646680733195134
0.009647059577083823
0.009649466122300809
0.0096485353944817
0.009651136392475453
0.009645051259867135
0.009647087896359537
0.009647503186312347
0.009649265431506996
0.009648406254158358
0.00964818872117957
0.009651914636970255
0.009646737606882458
0.009650329323085917
0.009648756139447587
0.009643999372513676
0.009649087834746727
0.009648102263400559
0.009645369944313276
0.009648745146460167
0.009650281711908753
0.009645687328596221
0.009650646407685854
0.009648839165471962
0.009646619169084545
0.00964826153031867
0.009647429183051727
0.00964886088711102
0.009649906003165364
0.009650538875275713
0.009648669260575532
0.009649309085331636
0.009649013642455288
0.009649515622249335
0.00964866139965974
0.0096426449820596
0.009649195445535502
0.009647160109206297
0.009647764797282495
0.009646806464816379
0.009646152737842436
0.009646336942997212
0.0096463364635044
0.009648489633654998
0.009649146780088888
0.009650361844071068
0.009641138612363402
0.009649378836167233
0.009644704952331955
0.00964564067947835
0.009646885602645847
0.009648433597543256
0.00964942108993434
0.009651590485998703
0.009644032907810542
0.009648465765056142
0.009649917621645007
0.00964833705197319
0.009650109549400338
0.009646936175305851
0.009647848092253157
0.00964650188083991
0.009648489599844606
0.009647800258234782
0.009643568801801197
0.009646622504018518
0.009644588693767393
0.009648401923354703
0.009640564432017284
0.009649833435309504
0.009646503703527324
0.009646386126357534
0.009641587831043076
0.009643236441052097
0.009648755366419114
0.009645598387290346
0.009643748554742277
0.009651640213398946
0.009643913277427946
0.009645725866294044
0.00964540717877423
0.00964611407258723
0.009649255472810158
0.00964224772687645
0.009644237634335513
0.00964673317157396
0.009644142419665363
0.009644477543645467
0.0096462765284399
0.009648536510224586
