0.04681837553828463
0.021314526419385825
0.018801209802674777
0.017428328003426984
0.016463294133494788
0.01592637824736806
0.015291367082705986
0.014824771190142081
0.014427464507618556
0.014053853428476912
0.013821875507460765
0.013556245407058855
0.013502325423111026
0.013124061902069023
0.013034344020702264
0.012993378140548668
0.012953689921241586
0.012706001412135737
0.012664421894910311
0.01254254549114716
0.012647771688405633
0.012426599137878457
0.012294092086503412
0.012791902985632812
0.012286706756886477
0.012144257637238738
0.012346676919646192
0.012053958376986359
0.01208479080976236
0.012058071257306797
0.01195391215285649
0.012100378543187683
0.011886216097637372
0.011854833760375631
0.01198428696814445
0.011796648125394736
0.012915064617622606
0.011814149542290582
0.011873658202441023
0.01174198607714361
0.011892905117630368
0.011870965985550543
0.011690542956340824
0.011720560826115285
0.011725124079279184
0.011708130700384626
0.011835342362252596
0.01160006943733582
0.01158180535946152
0.01156858100921604
0.0115986857040733
0.011550900910553758
0.011539426579973092
0.011518255512386855
0.011588279376107671
0.011472751896693171
0.011603176446244269
0.011485287317200856
0.011464375584530753
0.0119323198354677
0.011409004658411439
0.011401953867240118
0.012697468576307344
0.011675280786239275
0.011451237063498387
0.011405608020476972
0.011607267248379712
0.011383670735673935
0.011372436246782443
0.011379984557849936
0.01189213072137274
0.011568824342596453
0.011366896986002378
0.011312489188814124
0.011325218318269985
0.011371191025468776
0.011334690019463745
0.011298723810847245
0.011286219394467648
0.011326514602494318
0.011385759639956377
0.011667486529170287
0.011294218351935396
0.011242681348899214
0.011371286727315915
0.011208968114095552
0.011249622320848526
0.011220444765298477
0.0112087215625807
0.011245230678468943
0.011238145159416072
0.014288477283032617
0.012248436364010223
0.01176108536694703
0.011655110595348251
0.01177107772663875
0.01148850084420773
0.01149668111450503
0.011744024733038429
0.01148666648913433
0.011276600246160928
0.011278608749334765
0.011273990695675215
0.011252606158504392
0.011244919670518279
0.011270810859185635
0.011236014170418479
0.011250729906209822
0.011233745871277729
0.011256734502467976
0.011220180675411973
0.011196602443263868
0.011186001684037175
0.011221104888583567
0.011172095335183953
0.011187344903230863
0.011160640239641808
0.011189545738347883
0.011148298574187377
0.011127247533487409
0.01115684643719751
0.011142890740542522
0.011126491327219866
0.011144351432401159
0.011122469476765335
0.011104883998017697
0.011101270091440222
0.011100426648217853
0.011101194605132928
0.011139277839055746
0.011067025388034658
0.011075819581255267
0.01108031196476701
0.011060074460462178
0.011157742420229877
0.011057922115592476
0.011043339774086334
0.01105482320888306
0.011047015609004514
0.011055567028252992
0.011043532517901545
0.011026827925846914
0.011033413101836006
0.011032929053843612
0.011042193844668542
0.011050852224624196
0.01102170040800233
0.011036943275444579
0.01100744740428901
0.011025639684262251
0.01102387571012718
0.011009719551666932
0.010999769608646926
0.011031975862093688
0.010977591590789875
0.011009353047033937
0.010984128460951962
0.010987255623926818
0.010980949939993939
0.010995608766750731
0.010985527882235672
0.010979630388073598
0.010972686840387264
0.010971125218365648
0.010950294338633912
0.010956495342524138
0.010990607361662703
0.010962560185824487
0.010943445401641206
0.011102968027735307
0.010927880763786264
0.010959431959359165
0.010945813336929079
0.0109353143561988
0.010959430582354171
0.010936641232679189
0.0109458401424214
0.011544179242018228
0.010950329482997997
0.010968132556197864
0.01093925473590692
0.010919910886328016
0.010935615453094539
0.010937913324032286
0.011027632819076772
0.01091624972204564
0.010925910075997362
0.01093482385042182
0.010940494458421622
0.010928938543368684
0.011029727209863489
0.01091877354474941
0.010921262272267845
0.010905866843122657
0.010930030981675037
0.010906356288482844
0.010934166333610468
0.01092228896780671
0.010891523381246396
0.010907120117456606
0.010829489963995938
0.010827136136861917
0.010835028717620144
0.010830895351276735
0.010835951596818152
0.010831168877335862
0.010837673953436192
0.010843944852624592
0.010831376703658907
0.010830089419145789
0.01083468350738582
0.01083568112906253
0.010838686854335734
0.010837490172448134
0.010833947568910547
0.010826982766783276
0.010825025163615498
0.010828993108012889
0.010828514082400318
0.01082537033696576
0.010820937213847543
0.010819872853533663
0.010821707242417454
0.01082244445646655
0.010822176850299434
0.010822390113948005
0.01081756684043915
0.010821478742577455
0.010828270678325454
0.010812534406633661
0.010807671940734875
0.010813924099745924
0.010817497624422457
0.01080724118713892
0.010817686870399088
0.010816209460839186
0.010813590348160306
0.010806862326345035
0.010810736674360513
0.01079544456054767
0.010813004460198061
0.010803293741059185
0.010811800263182755
0.010808763192603887
0.010809582190913925
0.010812392937812474
0.010806068178672011
0.01080903529555294
0.010798400089685673
0.010800235422186725
0.010793921700601923
0.010797080728332988
0.010803498444531616
0.010799488704344226
0.010802732734470674
0.010797146701625866
0.010794140635175083
0.01080151559114948
0.010794037353653129
0.010788181885806445
0.01080523393494953
0.010793025334897411
0.010789008098024347
0.01078889902263093
0.010798671358132814
0.010793301747134417
0.010783278644576719
0.010797683607553295
0.010790839164268852
0.010791741274666079
0.010799487345781263
0.010788929181499252
0.010786949936607884
0.010791186950240199
0.010785655886942995
0.010783594910043104
0.010784265778885029
0.010786325796799298
0.010791835956054159
0.010783397220689864
0.010784365396590122
0.010774271796294565
0.01078564400412757
0.010787270781845347
0.010784057076565504
0.010785925807585023
0.010777983027617923
0.010781026872569578
0.010786220142402665
0.010780675259876762
0.01077711534541924
0.010783138233098653
0.010775182343921056
0.010775261727644272
0.01078315353383719
0.010776586695374435
0.010779501519875952
0.01077758643481106
0.010776712884972789
0.010767111035291314
0.010737109419093668
0.010735195963074862
0.010740262419354208
0.010738259375021599
0.01073279789658171
0.010736053385356865
0.01073545484616123
0.010736567549186178
0.010739117467364069
0.010738251696989285
0.010736305260471386
0.010741207702546426
0.010737591075769352
0.010735880291525878
0.010735823717521558
0.010736133073373596
0.010735959287966439
0.01073499153930657
0.0107402673249345
0.010734777860712297
0.010733847743017052
0.010730252588911615
0.010732870816372999
0.010734693211789178
0.010728513345540357
0.010726866647355233
0.010726326206705161
0.010728375906302984
0.010728051753794597
0.01072820026132435
0.010731798310828681
0.01072827875983007
0.010728345981033722
0.010728546055556327
0.010733290206604075
0.010737201115946369
0.010726467245212286
0.010728943893200296
0.010726602711152323
0.010724417852981649
0.010727105161218163
0.010730635657562281
0.01072577890869316
0.010729512052223234
0.010722786231157017
0.010728645212210642
0.010726387043892354
0.01072709593405523
0.010726650780306594
0.010724954076553925
0.0107248830071131
0.010723371627331764
0.010720640467018774
0.010721655083027217
0.010723452467975443
0.010728888275107928
0.010721058378813684
0.01072005754822355
0.010720800491597
0.010724062041653068
0.010721462403759114
0.01071945448150926
0.010722100000103117
0.010721723475299849
0.010721582449087412
0.010723470255314517
0.010727094630818359
0.01072235385773599
0.0107192332201665
0.010721409548897751
0.010719847392057232
0.010715491264419194
0.0107181268150952
0.010722995867872788
0.010714766120679505
0.010717019426448903
0.010719532316101857
0.010716671357699747
0.010728254422496255
0.010712616102579403
0.010711475714991982
0.010719501656225018
0.010713890861879677
0.010714030750833525
0.010719760502427324
0.010717537490767811
0.010716734251173416
0.010722408593684533
0.010719340131694925
0.010718903034040243
0.010711510453631383
0.010712010281855124
0.010710170584740025
0.010713263491641964
0.010712248177910009
0.010716040532654859
0.010717002244623188
0.010712719294964874
0.010712813773490612
0.010714960468951429
0.010693974101381136
0.01069519846475754
0.01068916138286146
0.01069366512666441
0.010698456022113856
0.010698383363584677
0.010696944731469005
0.010695723245049468
0.010693682403773955
0.010696985445326507
0.01069816601809987
0.01069434339383451
0.01069072845450329
0.010689629727464305
0.010691526235256455
0.010690911682230412
0.010692943225648536
0.010692508227311739
0.010690896854837342
0.010685118277965993
0.010693585672246741
0.010694892065777834
0.01069143662850062
0.010691288855578443
0.010689152865716726
0.010692475824662954
0.010689998183878932
0.010694579949768463
0.010691281681628313
0.010689614060958816
0.010692831706685989
0.010693209092117378
0.010691980299579821
0.010691531999928035
0.010693007877262512
0.010685968215857008
0.01069069643913716
0.010690724606266116
0.01068815849905852
0.010688427119537353
0.010692489219724936
0.010691023665317411
0.01068551175714326
0.01068720810127632
0.010687827433862112
0.010689619602789186
0.010696548787206904
0.010688876674784095
0.01068597859257322
0.010685059241950512
0.01068759205207081
0.010693226565941922
0.010687926424538145
0.01068679719745326
0.010686454378535645
0.010689059223229736
0.01068827614077542
0.010686798909488487
0.010687303151505024
0.010688446477522748
0.01068540487020421
0.010684002522784885
0.010686710234055229
0.010690519733741731
0.010686168619262503
0.010681566398086722
0.01068705154687363
0.010686409201706597
0.010683924101120961
0.01068727063974089
0.01068483545404948
0.010685120580146219
0.01068103930331988
0.010685364949354048
0.010685235261917114
0.010686225282403306
0.010686696685309654
0.010684517304422242
0.010688133617684786
0.010682415183350788
0.010686776493199587
0.01068315196093848
0.010684670419386118
0.01068615116387999
0.01068449040057242
0.010685151651895085
0.010688932437339042
0.010683843460265952
0.010681294035412396
0.010679503767551368
0.010684261860774688
0.010684451706117332
0.010678673747054028
0.010681351385518859
0.010684131973549085
0.010685355132046116
0.01068044948413132
0.010685897456857042
0.010683017300300472
0.010683874867045053
0.010675538297459828
0.010672700265576146
0.01067284860712762
0.010669651794748337
0.01067379773548334
0.010672702816723794
0.010676009472914458
0.010672604167225336
0.010672302523216005
0.010674361056546764
0.010671296037069641
0.010672735622023592
0.010673838221889125
0.01067432973429364
0.010671622817567472
0.010671461784824877
0.010673192609408902
0.010667942830118606
0.01067050497536317
0.010673801199511529
0.010669402157266935
0.010671821339885788
0.010671250927861375
0.010679137459633375
0.01067239600894573
0.010674176082974024
0.010670437013404598
0.010672146863251826
0.010665010662423601
0.010673119763385738
0.010667449004776014
0.010674659132023062
0.010670327329424151
0.010674768619288509
0.010674379895081614
0.0106698922603929
0.01066922870689001
0.0106733846555006
0.010671772317893237
0.010668118173877398
0.010670955280585847
0.01066555199597535
0.01066549437999627
0.010674015542018925
0.010666161588095005
0.010674500684238503
0.010672466222368943
0.010668186885811904
0.010672395246675109
0.010670616583462201
0.010669020991219153
0.01066846351320594
0.010671692986422442
0.01067043304222055
0.010674351399069769
0.010663835168892992
0.010671559582916226
0.010669952759476188
0.010670705102138196
0.010671088453566674
0.010667269425497393
0.010670950753067192
0.01067260821217751
0.010671262546341018
0.010669823204207144
0.010663048268938222
0.010667129462775421
0.010667670714874865
0.010670150663986458
0.010667965873436566
0.010670820696789636
0.010663774725135798
0.010664795967980777
0.01066736147582236
0.010668972728423553
0.010668957642842047
0.010662729824238484
0.010671202941696243
0.01066943811000672
0.010670882745003543
0.010669799613775593
0.010670533108681735
0.010670321809109484
0.01066739976147909
0.010670505079868014
0.010665645008359608
0.010668012221334594
0.010670016704145635
0.01066529658921186
0.010667759039909533
0.010665807491875325
0.01066724693851404
0.010668656180179354
0.010667385508862658
0.010667887012237566
0.010667596190626865
0.01066807215793593
0.01066123190713991
0.010664190537612825
0.010667106339541993
0.010661499777642807
0.01066232300532533
0.01065934760489873
0.010660617898153786
0.010661041121253677
0.010657219185490813
0.010660582584737748
0.010663312626234179
0.010657383786766443
0.010659823716670373
0.01066084543286082
0.01066504573763007
0.010656270782521652
0.010660280141573731
0.010662411066024217
0.010658234271771051
0.010662919402171676
0.010662775944684795
0.010659070285928525
0.010657295335711229
0.01066139560168234
0.01066130710759572
0.010657725831118747
0.01065595853127072
0.010660139723948322
0.010662150593849496
0.010658967840445318
0.010659399626795019
0.010663414659845357
0.010663734518434151
0.010659118471882327
0.010662152332010934
0.010661150302688773
0.010661758507045583
0.010660271255588374
0.010660279176440766
0.01065990006667946
0.010660418997773834
0.010659401713818214
0.010656418315697424
0.010659841424093978
0.010657065840001546
0.010659593480205771
0.010661402108645674
0.010659754921746726
0.010657964710748629
0.010659826983983564
0.010664481964736882
0.010660421966940854
0.010662541097712398
0.010665257962377552
0.010659166737751599
0.010655562556271899
0.010658544826355114
0.010655678052565839
0.010661552816924482
0.010661724644402662
0.010663704316534421
0.010659153038396103
0.010660548282559752
0.010658125712754506
0.010660957305295633
0.010659913292689489
0.01065969694922171
0.010658218101183376
0.010655614117117409
0.010660469249235128
0.010663213008529085
0.010657633408879486
0.010660547326647802
0.01065706858479052
0.010655261699122565
0.010662728705421926
0.010653184729907969
0.010660120607246169
0.010657393222939062
0.01065857328855657
0.010657646554974046
0.010664282360486072
0.010656179405330824
0.010658656439064655
0.010661783271619785
0.010658559915010291
0.010659379236055876
0.010659747643291754
0.010660433637672918
0.010656280605976927
0.010658690871873705
0.010656540125313372
0.010660333128602985
0.010660382248953035
0.010655915767274085
0.010659157615093508
0.010657690757449113
0.01065686929405424
0.010660149654982114
0.010660314582066961
0.010658408591997112
0.010660355704722822
0.010659394459952615
0.010655103346621833
0.01064891448988281
0.010652594139227773
0.010655275979402041
0.010656411485998545
0.010652575758670029
0.010658744086354676
0.01065412239654131
0.010651739507839821
0.010656649557252726
0.010656157456240049
0.010658473360410618
0.010650381525800173
0.010656423138288578
0.010660368398987617
0.010655825868519422
0.010653799780868854
0.01065812804567145
0.010651100574448557
0.010657695294188784
0.010652460105618825
0.0106506838367963
0.010656870323734314
0.010655745200001367
0.010655123884897224
0.010656544766557885
0.010657243018742442
0.0106549172142748
0.010657543756018574
0.010652742188780418
0.010654055719377577
0.010652637272065031
0.010657088711193882
0.010655112933404374
0.0106539738951589
0.010652083731425477
0.010650942172769075
0.010655785644912583
0.010658376256969108
0.010655201894689117
0.010651940074149924
0.01065173591164374
0.010654045889774958
0.010656252733920471
0.010649753491649337
0.010654494556730534
0.010655759277418502
0.010655907932484504
0.010660731307424532
0.010651862402461937
0.010657865609420409
0.010651743439066134
0.010656035028816057
0.01065776141501791
0.010651700057261454
0.010648972769775012
0.010657113601788632
0.010654531459234926
0.010656078638072454
0.010658467720222749
0.010651078668389187
0.010656928489900658
0.010656996823773525
0.01065496119237182
0.010652670581447015
0.010652223140886515
0.010654275176474954
0.01065156636175641
0.010655346523244978
0.010651910840456831
0.010653633907093073
0.010652713142581309
0.010652179894323396
0.010649901396739405
0.0106491557393137
0.010656378631519995
0.010650835236651276
0.010655097285340918
0.010655224707481687
0.01065564666422877
0.010650828907960909
0.010656913404319153
0.010652510403185197
0.010654088822823546
0.010651254122800166
0.010653537476785702
0.010652325082287537
0.010653055351375057
0.010653898301273092
0.010652793267059445
0.010655704101934881
0.010651418149299157
0.010656879271193109
0.010653775618734335
0.01065678434391128
0.010651971683791369
0.01064915023129372
0.010655940212186413
0.010649284848900322
0.010654023826958323
0.010648979335138113
0.010652577833398538
0.01065435932746323
0.010653725576282727
0.010654015288297887
0.010652507778269427
0.01064719437704523
0.01064965912992313
0.010652587564643656
0.01065209488578067
0.010649116672944315
0.010652539464752666
0.010652104534036649
0.01065306661177193
0.010649377341834035
0.010647274486155007
0.010651821015470296
0.010650358691491899
0.01065210595407305
0.010655536328629889
0.010647607361744143
0.010654235861138148
0.010655876909914387
0.010651971539328791
0.010649443985187378
0.010651847476711367
0.01065596496446593
0.010650739948213002
0.010649673487044403
0.010652707708329455
0.01064924111977072
0.010651688408045092
0.010648108333373818
0.01065211787991988
0.010655138896710605
0.010644356621792018
0.010656031909039115
0.010653702512985901
0.01065129904451445
0.010654545727219715
0.010650423266264078
0.010650585451633623
0.010651663674207607
0.010654219251015399
0.010653507360948784
0.01065133512020111
0.01065435889714917
0.010650695833337583
0.0106547088039541
0.01065509316354695
0.010655169842438927
0.010650211674693
0.010654048247281278
0.010652198689826841
0.010652380054908813
0.01065446816003657
0.010651671883985154
0.010652397381197108
0.010650360818472829
0.010655317132794622
0.010649495871842104
0.010646449985972332
0.010651310208090658
0.010650583140232381
0.010652179381020196
0.010652683958066966
0.01065132480803201
0.010651898727116018
0.010654567620984398
0.010648398454187333
0.01064777916770662
0.010652397212145155
0.010649574072201653
0.010648924273380352
0.010651678636842238
0.010652265362380066
0.010654096162751956
0.010651863827108844
0.010651055572818804
0.010649252861197238
0.010655927238217478
0.010646580203617662
0.010653198699746588
0.010654201472897341
0.010651318716014376
0.010651644937103927
0.010649988480010638
0.010647817222837962
0.01064471555289754
0.010651114276877724
0.010648075060875896
0.01065239095107557
0.010650163335055605
0.010651236990153199
0.01065355924760351
0.010651345884199977
0.010649049196625897
0.010650360910682985
0.010651445335926789
0.010652764353028225
0.010653958523725913
0.010651628339275866
0.01065383776223207
0.010649202114874773
0.010651408298180835
0.01065174003343771
0.010650565672555182
0.010651764204793244
0.010651360247468595
0.010650020965648562
0.010652357463420617
0.010651806996452927
0.010652267146646584
0.010650262900508276
0.010650556147246077
0.010652185181039001
0.010650153124317675
0.010650902759074772
0.010649577732944842
0.010652225298604162
0.010651893111517523
0.010650914930815351
0.010651122047120196
0.010653162648649302
0.010649100868123592
0.010653457831800377
0.010651771052934156
0.010651505576821641
0.010650007555218223
0.010650888761573106
0.01064739612364533
0.010653816132803168
0.010649052955726586
0.010653445128314567
0.01064959875993406
0.010649226304672339
0.010646348016908263
0.010651363846738347
0.010647623904246112
0.010654003297903947
0.010651491035280054
0.010648068274208422
0.010649909640327342
0.010653165544048198
0.010650106834819411
0.010650383028825714
0.010653672197360312
0.010651875333399466
0.010646110093190332
0.010648693084077473
0.010650134854412118
0.01064753124840779
0.01065378543911594
0.010648791622923742
0.010653794979793404
0.010652976061398834
0.010648826069564316
0.010651335734935484
0.010653374320135849
0.01064874521969962
0.010655393836275973
0.010649813154693877
0.010656383020723416
0.010652960905122875
0.010649804818895783
0.010643119013963556
0.010652767964592665
0.010652211894321166
0.01064893096783767
0.01064993451248006
0.010650680446536234
0.010654305704183901
0.010651382617652416
0.010650328068499125
0.010648397283118354
0.010650425387097665
0.01064541704473224
0.010650870110532238
0.01065037805869831
0.010649991553682502
0.010649922374549871
0.010648876021342605
0.01065147776623862
0.010649741676454693
0.01064856697746826
0.010652779819745042
0.010648691199916622
0.010652848903593843
0.010649217689170105
0.010649870189748976
0.010654342231700326
0.010654707257897154
0.010651851970419632
0.010648334700085542
0.010650172470008382
0.010647397193283137
0.01064952018612338
0.010645383704613537
0.01065012522459817
0.010649286441062347
