0.04542827617266391
0.021590494258765733
0.018522737126662196
0.0168571044896843
0.015886549143237446
0.015075258916803318
0.014602652160764331
0.014074819811032747
0.013768771211478379
0.013524553197568203
0.013298945436899615
0.013142532665934107
0.012915746431810038
0.012827631998991612
0.012517847935284916
0.01247035222060413
0.012307484302264039
0.012285874744649768
0.01219328436016938
0.01230567226819571
0.011967880762006977
0.012175261058380502
0.011806386443033274
0.011849130765095403
0.01184817376506604
0.011663041083701569
0.011601448532427498
0.011667199583459806
0.011502102346285539
0.011445473861133698
0.01140724459706065
0.011370578584055303
0.011744993237821575
0.011294311988275043
0.011343725944681726
0.011269595055985373
0.011311654800629066
0.011139446512946594
0.011233928115429854
0.011176955833932748
0.011191591426803925
0.011048399640413204
0.011358003854358157
0.011076619350674128
0.010981880881433244
0.011076904750327663
0.01094409984170702
0.010893010512830401
0.01086339885952941
0.010843037197323326
0.010831723813422442
0.01087137162623921
0.010726455134945145
0.011171907407812553
0.01072801538918278
0.010693206165981765
0.010934028147470833
0.01064999582301272
0.010630232534023992
0.010617169988012747
0.010861344601676213
0.010638610567442655
0.010573063243991963
0.010591214922296725
0.010535307560521777
0.01127599276258017
0.010592935265659695
0.010919797809013832
0.01120706287707531
0.010584070971204897
0.010531622384714804
0.010501093802844533
0.01049170632025983
0.010468569267602644
0.010488087277576672
0.010468236607170538
0.010448136735744405
0.011077101894104146
0.010659547070834306
0.010465825675823803
0.010457021473190768
0.010405435079321413
0.010378484617267111
0.010429849792825113
0.010392126369077971
0.010920892091523303
0.010415857350422998
0.010364425276396888
0.010376679555823406
0.010352759231681084
0.010410713563633241
0.010366263101645823
0.010342752099922388
0.01031808333821816
0.010439980022068267
0.010327908585444339
0.01030971881973468
0.010298085872317501
0.010275498631935899
0.010309021667924651
0.010268885854373473
0.01028914716734056
0.010257778335792988
0.010286373398251364
0.010255942485378226
0.011323984816867133
0.01037291740144145
0.010281306900477448
0.01023683292643711
0.01041658949291352
0.010234261881375667
0.010206537167526314
0.01026014920643749
0.010196591835014104
0.010190144792912227
0.010273048220810915
0.010215493964135843
0.010189435985738491
0.010169078955555907
0.010139675408282098
0.010196649374151387
0.010149969547224713
0.010724142018594954
0.010182180451137005
0.010149979392195693
0.01013293302627188
0.010138797552229548
0.010312890652382728
0.010124910297025941
0.01011059702168105
0.010122710878871653
0.010114769159321345
0.010114855262091254
0.010218711912619693
0.010103820368229556
0.01010545532191449
0.010114073461358107
0.010073587919274965
0.010099709777794655
0.010061401010125186
0.010082524426576525
0.010069014679751184
0.010081415663998906
0.01007088803972053
0.010051672591246886
0.010078067894373396
0.010050692377310775
0.010041238245225386
0.010073043378346627
0.010046920717598582
0.010059278201705256
0.010032462415657323
0.010008096916250663
0.010016837931874365
0.01002964789275289
0.010033557108501987
0.010006538630699856
0.010015336507716195
0.010219895781906132
0.01057839242391067
0.010027466461726345
0.010003452542738945
0.010037148700221734
0.00998268182091292
0.009986655136551892
0.010529528498010273
0.00999390761131304
0.009967048025441051
0.009977823430703024
0.00997065706946964
0.009967570577320879
0.009986816479735348
0.009963847407856004
0.009959065407612929
0.009983784011980095
0.01010795081304786
0.009986585228959032
0.009949109873583805
0.00992848973401604
0.009966564865739826
0.00996211920818775
0.009927891837217824
0.009944100314044323
0.010071754043694377
0.009923007877131696
0.009928080121135162
0.009919372796028754
0.009934213590307205
0.009933495239382334
0.010433656793616393
0.009951276836836888
0.00991655811483022
0.00990863910356764
0.00990183753493202
0.009909719981794114
0.009910331181444154
0.009890765431198743
0.009907945286691582
0.009908327351788385
0.009908843100095543
0.009791225224130912
0.009786168436086413
0.009795343320472504
0.00979402530385126
0.009794978140592082
0.009797481102284917
0.009791430450127562
0.00979171301892931
0.009806019329333757
0.00978977790735539
0.009801086042961567
0.0097798443762063
0.00979186042762137
0.009799315555715817
0.009783034609390957
0.009793498992870743
0.009775845791910938
0.009780173402021426
0.009781093007758899
0.009775864525940946
0.009783979021197204
0.009775178577664858
0.01019810404161317
0.009785743510172312
0.009767433531619239
0.009771098813085076
0.009769565385855463
0.009771533301192344
0.009777104045593305
0.00976182481814975
0.009759248329615436
0.009762217290699482
0.009764119520131806
0.009756533258437816
0.009764342636435535
0.00976166962692053
0.009758585925665822
0.009764581626717605
0.009748454731289703
0.009772756098532932
0.009743428862847315
0.009760761095622782
0.009750954554763564
0.009748790778908202
0.009763247302730288
0.009749633413754871
0.009751285524676145
0.00975725588791392
0.009737840807526418
0.009743047533894923
0.009745924123455294
0.009760770643984425
0.009742589109568017
0.00973821335346146
0.009751843804917714
0.009735724727374197
0.009747635397949431
0.009734731897551923
0.009740342639644843
0.010012834159220897
0.009781514578760163
0.009733062712383448
0.009726220698836613
0.009725403117489304
0.009729567577097283
0.009730433562629096
0.009740811439151122
0.009728735551029051
0.009734003070016504
0.00973453862199148
0.009801881785870287
0.009717249008750069
0.009720784707283816
0.009718230814848206
0.00972433240082201
0.009722341881702245
0.009740097807849398
0.009720293823445197
0.009725338627243101
0.009721294709361426
0.009731620453334975
0.009724816725444872
0.009722075898433873
0.009707894747947702
0.009724835513264137
0.009710114521493908
0.009720421931014793
0.009718267244007131
0.009769142505469987
0.009707454518221392
0.009714083421803249
0.00970239132464473
0.009714476250898916
0.009710148244284757
0.009717081810221715
0.009714019841363919
0.009915332140849761
0.009711128524304813
0.009696853144260326
0.009698724238933509
0.009699322479982973
0.009704697499107016
0.00971223598057189
0.009703093445045326
0.009702161244937394
0.009709443131664603
0.009698898328634182
0.00970469512162183
0.0097104096754451
0.00969492011356226
0.009709544702688165
0.009700410466075633
0.00969442553517006
0.009701406627758206
0.009692483191246246
0.009697160912560846
0.009699671498496737
0.009691356496866976
0.009688904097076297
0.009702344331275611
0.00969404683881762
0.009700499639443734
0.009696689137740203
0.009692728602428837
0.009690722822528272
0.00968975811219304
0.009694438678190948
0.009687856514400283
0.009682397358119488
0.009979416046094874
0.00971414339836232
0.009679023542198607
0.009678597904729469
0.009684990768754247
0.009690057317243747
0.00968203077971837
0.0096808732902207
0.009809453221708044
0.009673970983526592
0.009668578412199374
0.009675134881630097
0.00967514565484998
0.009674245757496494
0.009683233044930909
0.009679028964155775
0.009681281836537442
0.009673955189463722
0.009682991852362951
0.009680778602685276
0.009671766400066737
0.009674689114683926
0.009668300761272609
0.009676057150704239
0.009671508701880872
0.009678420589210177
0.009670100276275436
0.00967368199075065
0.009670666541916506
0.009676261741987649
0.00966811720773627
0.009669031935556493
0.009675533266387659
0.009670447744121744
0.009662543065391063
0.009664731627336332
0.009673908784702765
0.009664981304775468
0.009660085973640284
0.009664950063974649
0.009698646190720719
0.009656121281187723
0.00965833533155692
0.00965765064194946
0.009655953921291595
0.00966544871344523
0.009661122477266065
0.009671942790410799
0.009652975362667156
0.009657740096558537
0.009664404633218306
0.009655308027570397
0.009655826434603717
0.009659628157900406
0.009658139532511876
0.009656871211017319
0.009653974853136358
0.009661992928843097
0.00965145104119044
0.009659424660844181
0.009648204947093337
0.009664285081214342
0.00965263050436826
0.009649752669970785
0.009648178900797964
0.009653554339478216
0.009659786954546723
0.00965842967330426
0.009646647643580688
0.009648253106920928
0.009812217668350479
0.010174212233461563
0.0096456375550909
0.009609148478006372
0.009603177341740123
0.009600929803715975
0.009596892331324198
0.009601789623462033
0.009598832562098605
0.009728301508604202
0.009597916896808462
0.009592647192440313
0.009590450990883627
0.009591767476816284
0.00959639194983952
0.009594115056712241
0.009592304891436407
0.009597008592962432
0.009593419100560567
0.009596029934304284
0.009593414745167537
0.009595393058736332
0.009591523656258882
0.009591438106749908
0.009593168484114676
0.009595705311524101
0.009590704267592516
0.00959420550104366
0.009584456955761995
0.00959467308337588
0.009591631137953438
0.009591461414403648
0.009591354518243582
0.009588060650064706
0.009592009740558887
0.009588989767279758
0.009588528169386655
0.00959286457173551
0.009585396105442012
0.009585287654003983
0.009584829137466921
0.009587609611771289
0.009589830184472178
0.009589352620390578
0.009586552542207067
0.009586003369255231
0.009585408971832432
0.009584011121195044
0.009587023090632639
0.00958292851249131
0.00957808696446639
0.009581308021969331
0.009587278737142534
0.009581895637335164
0.00958387696156555
0.009579174618602488
0.009587686785524435
0.00958049319463201
0.009584692757109506
0.0095908836870402
0.009579038868347803
0.009577791944219925
0.009578182366630524
0.009579846558619057
0.009580859253582584
0.009577751459350975
0.009582525028512128
0.009577751417856405
0.009579500355588721
0.0095849635829479
0.009583315427842314
0.009578213716546694
0.009583018541877026
0.009578100880515753
0.009577851086277085
0.00957962373585099
0.009578409732285605
0.00958208472655453
0.009580042124065038
0.009578800548126203
0.009581499287348376
0.009577038656403818
0.00958704552536357
0.00957798402565885
0.009573941490929513
0.009577964100580994
0.00957274813475487
0.009578501149434166
0.009571524166345302
0.009575722364112488
0.009576638548853177
0.009572939945710669
0.00957212267019371
0.009571912225102237
0.009573643022023215
0.009580463522940678
0.00957607944486755
0.009572801399951425
0.009573929623482448
0.009577367619208672
0.009575417919988088
0.009570818385201515
0.009575729856187655
0.009568341408330615
0.009571804234714988
0.009567384960025353
0.009570714020210229
0.009568440698689656
0.009578464798653874
0.009570940068796916
0.009570087744199698
0.009568486590147411
0.009565699114018542
0.009569122778749701
0.009566154489262959
0.009564490238874658
0.009566077114184304
0.009572016268894814
0.00957236109338332
0.009562553229308364
0.009567585902860259
0.009568580476991316
0.009566114755906779
0.009568160839329655
0.009569122168625837
0.009565592958613395
0.009569069083239084
0.009569900410046966
0.009562584654529496
0.009569616299798779
0.009563950446769349
0.009567756677605826
0.009566014457383368
0.009564765068170654
0.00956541165807853
0.009558968494950545
0.009561585219386387
0.009563956257546007
0.009561637828354001
0.00956961457393203
0.009564560862633065
0.009569406377231525
0.00956033251060806
0.009566584263894425
0.00956374987123823
0.009562757279625526
0.009560689353153552
0.009561332033350817
0.009560872680775009
0.00956505716842885
0.009563073225430038
0.009564277032089017
0.009559129255673182
0.009562995996350798
0.009558874993852459
0.00956424049074107
0.009561462146491305
0.009562046640543359
0.009555396816013965
0.009561402328226333
0.009564360892615302
0.00955745816482815
0.009568863602127671
0.009560781902950196
0.009555406985257324
0.00956356799131622
0.009557671337803402
0.009556972667599473
0.009556997004933286
0.009564569229167878
0.009559129398598923
0.009559634651853503
0.009560147438677821
0.009557124540799915
0.009559121325599773
0.00956125527915388
0.009556959626009755
0.009563941722151765
0.009558857092787526
0.009555496754917767
0.00956311783055612
0.009564012548772514
0.00955173142082227
0.009560907508550895
0.009554821230999806
0.009560246816636508
0.009556393494073412
0.009555311255747139
0.009557484329459888
0.00955397237350445
0.00955962692003193
0.009547106508263955
0.009553590400617804
0.009554306873529166
0.009547455546756586
0.009556660626895062
0.009554466346383291
0.009551295389731726
0.009556073806073406
0.009555374906880923
0.0095505331790462
0.009523834034234974
0.009523981751831058
0.009528232895132929
0.00952889922108784
0.009529038921010868
0.009529832132750809
0.009526126449405163
0.009519489108594043
0.009533810214118005
0.009532908856770387
0.009526611232005133
0.00952978651792352
0.009529546706971063
0.009529249450628318
0.009528116767199422
0.009528078091186363
0.00952923323239873
0.009527943004844802
0.009528795750535066
0.009526152956751313
0.009527770009371314
0.009525905788965252
0.009524134688521965
0.00952651681648967
0.009525558422550116
0.009524822282749337
0.009526787723780367
0.00952624956994216
0.009524784828520844
0.009524451556428037
0.00952818944878114
0.00952859941206061
0.009528362342823457
0.0095255805729664
0.009526829350518413
0.009524509936214575
0.00952603341243153
0.009523612311841434
0.0095253098024541
0.009526290317610054
0.009525541787837991
0.009527007279235243
0.009526679905518741
0.00952221855840864
0.009524945941178909
0.00952410768477781
0.009522798122291025
0.009521915621920288
0.009525315677777866
0.009522961930559315
0.009525411825307426
0.009522665219793324
0.009527904962008149
0.009525034770295761
0.009521106878916422
0.009523970780359341
0.009527817523727814
0.009524746416843567
0.0095244940606994
0.009519590983911119
0.009530798406048183
0.009521032225574204
0.009518709396420926
0.00952334841866993
0.009518909530880132
0.009523455755901907
0.009523740457831928
0.009523968169275093
0.009520266962732516
0.009520862308383086
0.009524105016830632
0.009524764399360805
0.00952142428471507
0.009524975657438484
0.009519809500464904
0.009519776226430148
0.009520312680527814
0.00952245771774266
0.009519965934994394
0.009521568072621677
0.009525243944423918
0.009513739874531137
0.009517161469144298
0.009520455617027314
0.009520406802507615
0.009518606033446666
0.009516657517589752
0.009521589287104879
0.009521319135937458
0.009523640030214298
0.009520789496170313
0.009516464060682668
0.00952056598489975
0.009517423541165224
0.009514770910094674
0.0095173416293469
0.009521673591776749
0.009523215282573164
0.009515171222044493
0.00952045120630819
0.00951676742748508
0.00952226721002373
0.009519953846242955
0.009520806135492946
0.009516205821530555
0.00951697538751285
0.009518689505153461
0.009515358056725548
0.009518137604317847
0.009518231168426204
0.009519234335006956
0.009513032724066535
0.009520609040895212
0.009514920966755045
0.009520509375548205
0.009519710047201256
0.009515737203370915
0.009515055999307348
0.009517106840774269
0.009519489637265602
0.009518251314808433
0.009516459502427294
0.009515424680100023
0.00951041199309942
0.009516571258062576
0.009515285542658946
0.009516401883374543
0.00951737921266961
0.009516208119100273
0.00952047757380227
0.00951749483344726
0.009510015401829391
0.009514526557792039
0.009516003380280615
0.009516746855399298
0.009516792313469321
0.009511955097784894
0.009517185104144092
0.009517415501976465
0.009517688002966025
0.009516462806624548
0.009513887321644097
0.00951277387018005
0.009513075853830124
0.009513519197186031
0.00951558340758872
0.009513614499455827
0.00951320536606776
0.009512344756388035
0.009513680538832649
0.00951210537574964
0.00951622987916023
0.00951143542286193
0.009511783359443197
0.009510708883675214
0.009514022798341985
0.00951524903819506
0.009513855249415039
0.00951443189484599
0.00951387070691084
0.00950977097268496
0.009517158012800288
0.009512875222972911
0.00951240409669703
0.00951234373439214
0.00951245753094554
0.009512369812961064
0.009517056710723013
0.00951388128034205
0.009510818629129099
0.0095108299463889
0.009515210120898761
0.009512326973659469
0.009516606468510607
0.009516583309929954
0.009516232381129128
0.00951195755825922
0.009512689089089041
0.009511970750458858
0.009511641813780215
0.009511384446014076
0.009511297743878152
0.009509556046179911
0.009513292635296143
0.00951270912635592
0.009509929581837292
0.009515486393283696
0.009511164094478186
0.0095096654796561
0.009508199889901349
0.009509817646392206
0.009508283436913104
0.009514928318978143
0.009507885974257103
0.00951062904197489
0.009509737478882665
0.009512586088808063
0.00951037107023223
0.009509118086360272
0.00951097482083851
0.00949788029941887
0.00949732720599857
0.009493909748547738
0.009495920984215863
0.009495338297482862
0.009498881299060957
0.009497688165727523
0.009496245759142803
0.009497062836407926
0.009497216755136996
0.009497882762966868
0.009495948290716696
0.009498745876152327
0.009498948325086446
0.009497576250261304
0.00949602312386872
0.009497372396659143
0.009495265588238098
0.009491170804160756
0.009498417952248562
0.009498506690692096
0.009497975901371674
0.009495496560847111
0.009496186683169587
0.009496407131526139
0.009497450996596034
0.009496649306132258
0.00949910776105651
0.009493039739579455
0.009496570524848726
0.009493844517546616
0.009497052917668823
0.009492249221912902
0.009496728207288993
0.009492089440154753
0.009494852248530085
0.00949798100981431
0.009492847924013146
0.009492407383845977
0.009496510766520359
0.009493154645728396
0.00949596446898855
0.009497073237713512
0.00949393489118358
0.00949447095492492
0.00949085276211203
0.009496450945181718
0.009495402197584067
0.009492467958234226
0.009494840431798606
0.009494293714710588
0.009494866633314406
0.00949450167473836
0.00949284752904631
0.009493790204227954
0.009497325363332289
0.009495094435430892
0.00949286937209541
0.009491640805472733
0.009494760597782462
0.009491811861459276
0.009493610042488516
0.009497135530284332
0.009495110519955753
0.009497861164274684
0.009490371769349469
0.00949363773473517
0.009493339880563246
0.00949208983819526
0.009490440897766513
0.009496702287014169
0.009491355362787793
0.009492897471603584
0.009493489376278502
0.009494030861977008
0.009491315511095248
0.009494049966384475
0.009493367694219938
0.009494106348284301
0.009491573840920682
0.009493941339747151
0.009492071302417087
0.009490607470802643
0.009492510480947621
0.009493511056422991
0.009493450763275717
0.009491348122753719
0.009493353470803389
0.009495888847439694
0.009492646434064647
0.009495362914520817
0.009492687595141406
0.009490869267729938
0.009493086958863455
0.009489135186590574
0.009490504510479399
0.009491954049519679
0.009492614328025197
0.009492532354733437
0.00948783712732074
0.009492595564795307
0.009495483914224228
0.009490838432653805
0.009492525239183073
0.00949017224347729
0.009492146750303482
0.009491054923657831
0.00949152398135255
0.009488578343290602
0.009490199078169495
0.009491934642355532
0.009491832416639864
0.009494729536791445
0.009489633268968697
0.009492475762287088
0.009490641195130328
0.009494777713524232
0.009491674239338428
0.009488259147078093
0.009489486590273703
0.009487295746127077
0.009494217762742008
0.009491631533741558
0.009491162065711647
0.009495254822702396
0.009489030435853469
0.009487861878063419
0.009490563744746714
0.009489306178030009
0.009489585361182197
0.009494656972009258
0.009491199555287365
0.009489055744467591
0.00949180148320623
0.009494962745496738
0.00949125360734392
0.009491874237019237
0.009489056472927825
0.00949025275216441
0.009490643544952469
0.00949171096818036
0.009489681593237733
0.009487115029589866
0.00949107790396552
0.009488727135135003
0.009492030686917084
0.009491354692727327
0.009490611105419622
0.009488760272391362
0.009486257243077747
0.009488554656038387
0.009490963838465831
0.009486333327214219
0.009491141913182075
0.009488324204416755
0.009490713209725252
0.009488165195687081
0.009495378176838454
0.009491531949846855
0.009489998473438493
0.009491804844266412
0.009490766351974935
0.00949254117002434
0.009490905646173277
0.009489726992907992
0.009489150118488486
0.009488167268878753
0.009491833495498687
0.009492685837001101
0.009492661491983106
0.009489818834223271
0.009492634852469066
0.009486572895346596
0.009488087265810656
0.009483951597287021
0.009487453762060739
0.009490291746302506
0.009488351816747941
0.009483237417334868
0.009485478236312322
0.009488390995306347
0.009488231868240306
0.009490621076411146
0.009486725077451063
0.009489061874906123
0.009490323372849144
0.009490057206697294
0.009488972610864703
0.009489115728710843
0.009484250607159567
0.009489421374640941
0.009487237839686006
0.009489302548023538
0.009490149255485424
0.009488033252175
0.009490021161747353
0.009487587883269335
0.009484702498396926
0.009487245623759999
0.009486897024802446
