0.001384640266779171
0.0007580568193282821
0.0006324740993312373
0.000567573267238817
0.0005318905347335788
0.0005115801414702297
0.0004935142487708615
0.00048115175592378025
0.0004710221859832408
0.00046225376434857795
0.000457286887929741
0.0004501026868167035
0.0004447009406750253
0.0004393744315850631
0.0004351266711472346
0.0004335205339044394
0.0004303305957922804
0.0004255620964607623
0.00042125939951730097
0.0004188497631469428
0.0004163973105275272
0.0004142122859943646
0.0004109884462901007
0.0004083218817367056
0.0004066841522379234
0.00040393169483680144
0.0004027595114586844
0.00039983181509177014
0.00040046905253655755
0.00039597498364408464
0.00039409622630694565
0.00039278752809826886
0.000391168043531459
0.0003895876241814062
0.00038893709771631736
0.00038696780426984056
0.000384933139345833
0.0003838439880433821
0.00038275069890623736
0.0003819083051507057
0.00038143559300422164
0.0003795289430074185
0.0003788125116866783
0.0003785230902295633
0.00037640479760991393
0.00037547591058406736
0.00037477629508196126
0.00037517275178279395
0.00037222695446622375
0.00037215138843556614
0.0003709289838526115
0.00037005340577511996
0.0003691287133988706
0.00036797780991553423
0.0003676276674464179
0.00036725003131866615
0.0003654796322008515
0.0003654243935628797
0.00036358696006303005
0.00036335866904061397
0.00036243600836146636
0.00036257931927262063
0.00036152484139009524
0.0003607125238979561
0.0003599146574181612
0.0003592983920207069
0.00036045679070090833
0.00035852775323087896
0.0003578486463240203
0.0003569733337829621
0.0003556942684605115
0.0003563038649505447
0.0003550029629664711
0.00035408668654391437
0.00035432676404135196
0.0003539982112835349
0.0003539592092691555
0.00035273157646641346
0.0003518969217843988
0.00035111808733670377
0.00035032146146771474
0.000350679196386595
0.00035081197891504237
0.0003500036983066869
0.0003493758812339257
0.000349727029033872
0.00034823234130785163
0.00034819881436753123
0.00034791875204913587
0.0003474334988411879
0.0003465317562280112
0.00034700646789409464
0.00034638910884577046
0.0003650948675556828
0.0003466977530467192
0.0003452679611475087
0.000344461249072326
0.0003446475929744302
0.00034365073971568663
0.0003445143069881368
0.0003437630427527171
0.00034368932462318895
0.00034376138695607904
0.0003437770331465169
0.0003427740606393284
0.0003429269546350132
0.00034500051192976164
0.00034191403567764857
0.00034608826331875714
0.0003409722088294399
0.0003412666464710098
0.0003418261972436583
0.0003409147184386714
0.0003409693831164488
0.0003408295612550946
0.0003409406017814071
0.0003403660736301078
0.00034096547571109247
0.00033996069108223597
0.000340030782567122
0.00033990626749559534
0.0003399729253528271
0.00033911000393567725
0.00034002776700686727
0.0003394656015960377
0.0003431203404634349
0.00033954805899111756
0.0003374613290913895
0.0003374210343578609
0.00033781555243621796
0.0003379605903187244
0.00033796101242031826
0.0003389696424528065
0.00033835354442639037
0.0003375546600809475
0.00033801856586938606
0.0003372688735769939
0.0003371850798070191
0.00033732738855706755
0.0003366328221373106
0.0003367961334312802
0.0003376992550185227
0.0003367170910297189
0.0003366044590137469
0.000336328822830861
0.0003363571937826828
0.00033622554731217177
0.0003362252635258118
0.00033548167665034117
0.000336080846236865
0.00033660370217007663
0.0003353590638455151
0.0003354762360590384
0.0003343384324691317
0.000334749314536359
0.0003355048657275841
0.0003353342264637093
0.00033470549737487493
0.00033483462405879753
0.00033449671518790655
0.0003377800194927716
0.0003336523557711921
0.0003340383335081983
0.0003338735314353489
0.00033346822481677735
0.00033422249481512275
0.0003337365815841682
0.0003338399783688176
0.00033341186116687743
0.00033368143794186746
0.00033295018263791287
0.00033332680844011786
0.0003328994339621678
0.0003336132517973539
0.0003330721893050422
0.00033322453133649696
0.00033269447062038524
0.00033294829252182134
0.0003329223236445608
0.00033215783536818383
0.00033252870331851845
0.000331464523726939
0.00033239117749004623
0.00033239805276571733
0.00033177764794870706
0.0003318529839822623
0.0003317938384672215
0.0003321368752313292
0.00033188647442272933
0.0003316204939398718
0.00035474752685901934
0.0003316836944445445
0.00033047602067412594
0.0003307882212094729
0.000331001672784263
0.00033077510594768395
0.0003307232070943224
0.000330721608640875
0.00033055231967947074
0.0003308073595233827
0.0003313130569715735
0.00033097829169858087
0.0003306967699143378
0.00033101733165359735
0.0003302561225528635
0.00033107365380892706
0.00033036742948007957
0.00033035871951046276
0.00032975841213706204
0.00032978685411951957
0.0003307859919329017
0.0003298044332653505
0.0003319981668076075
0.0003296057708068096
0.0003294509028894489
0.0003298150871403165
0.0003301168067907921
0.00032953032508158976
0.0003303493050936757
0.00032953088871616774
0.00032937052492943683
0.00032964608671985835
0.00032964220308743283
0.00032877819805687277
0.00032959169252520494
0.00032877170069876247
0.0003287212833552391
0.00032883756540457506
0.0003294205861592592
0.0003289395158825344
0.0003288592315254358
0.00032882920203948697
0.0003282284076812004
0.0003287677134739899
0.0003288001435937163
0.000328531620127653
0.00032821313412544984
0.00032830776662293745
0.0003287206298637852
0.00032861680420585864
0.0003284111184551359
0.0003285058103609375
0.00032941543569376465
0.00032741830654660543
0.000327372556717885
0.0003281544804459333
0.0003280356487377605
0.00032757981008928416
0.00032743194673391727
0.00032786504338032846
0.00032737838608065233
0.0003281501936342063
0.00032756577704828725
0.0003274664231987129
0.0003276531670143422
0.00032705787491290017
0.00033287505734298474
0.0003267989268471877
0.00032687138962189026
0.0003269700646222179
0.0003264411737264069
0.00032706104449293095
0.00032677821125935073
0.0003270791970226428
0.0003272030119213242
0.00032715165451447183
0.00032614875351818026
0.0003267756762965075
0.00032689805262070456
0.0003264789853172789
0.0003310103406829962
0.0003298606139357223
0.0003258247326974213
0.0003256071340188956
0.0003262752209476536
0.0003262685621737444
0.0003259744219099273
0.00032634699978234045
0.0003262244791876703
0.00032655148074974493
0.0003261337710487604
0.00032636616316588637
0.0003265145824236254
0.0003260758059197674
0.000326151698335956
0.00032582989646615183
0.00032577972170257503
0.00032579399165643606
0.0003260777323916339
0.00032567680205745626
0.00032560281003494947
0.00032556527094429867
0.0003257237544122671
0.00032577395242048743
0.0003253789777097541
0.00032518279373533595
0.0003258790678679697
0.0003252422660201167
0.00032496668093702556
0.0003255485902231482
0.0003251449804155236
0.0003255976502523871
0.0003249442583086774
0.00032503658732923403
0.0003253722286467339
0.00032525895663464854
0.00032465418143906376
0.00032531722648939114
0.00032488493394435507
0.00032506102431725353
0.00032476667009705905
0.0003249748693909742
0.0003245319071703778
0.0003249640141424751
0.000324836807687023
0.0003252691238128854
0.00032830369760967766
0.0003240760946481123
0.00032417435532707797
0.000324306925868219
0.00032401098808267526
0.0003243637892299273
0.00032427943926942364
0.0003235789466662357
0.0003246894656071937
0.0003244519293159953
0.0003243524509827105
0.0003244608250026293
0.0003240478596582443
0.000323763124734277
0.00032341326557125947
0.00032440502522743797
0.00032436473150245794
0.0003244554918457634
0.00032394758682880896
0.0003248283152757428
0.00032352958224743004
0.0003245777160712293
0.0003240034569142442
0.0003239517627001921
0.00032449937475500964
0.0003239904597967175
0.0003235553233367898
0.0003233346646738457
0.00032371425517664133
0.00032363794378055684
0.000323783474074901
0.0003238366405777756
0.00032342950012972856
0.00032350887050168286
0.0003235827476457038
0.00032341749014113124
0.00032403868258655647
0.0003235194964254453
0.0003229434815294604
0.00032430110524620605
0.00032331060315405474
0.0003232226543560341
0.00032317179670901633
0.00032316650432632875
0.000322674895869568
0.00032283475029123976
0.00033908630755849847
0.0003224896709281004
0.00032153662109536983
0.0003221250351356256
0.00032241212963103545
0.0003221530236074049
0.00032233088849751716
0.0003224916594016916
0.0003223331915902392
0.00032255218638815663
0.00032290947480817256
0.0003227514965269905
0.0003222931902963213
0.00032264197742022427
0.00032226531569447937
0.00032292789772495615
0.0003229412721357041
0.0003222174006080095
0.00032227148268089043
0.00032256987027896156
0.00032274723516910865
0.00032200563340540055
0.000322604910714518
0.0003225751827845946
0.0003223160263335351
0.000322642771964401
0.00032264966510578977
0.00032233193258542823
0.0003222339959867397
0.000322292268482919
0.00032228916565919905
0.0003220072596179469
0.000322374414764775
0.00032195895508764673
0.0003224969145641339
0.00032199797391116913
0.00032247014182562887
0.00032229074768771234
0.0003217463234628523
0.0003217413197171631
0.0003221583407235458
0.00032165827318563406
0.0003216825099047212
0.0003218145617637353
0.0003221593242024898
0.0003214550831604122
0.0003218564709434101
0.00032153084715474825
0.00032184138593821797
0.00032167840194227573
0.0003219739976857724
0.00032193208913043717
0.0003216612286652091
0.0003215019243827747
0.0003220017769557605
0.00032223403565631716
0.00032116988185476575
0.0003216646267055064
0.0003218163061205439
0.0003217247041674614
0.0003213122952057098
0.00032138660208747813
0.0003214928590678748
0.0003207030990134107
0.0003214203326105334
0.0003215521457316907
0.00032160135824386976
0.00032128624550048447
0.00032120913072341666
0.00032090527578349236
0.0003212302869029048
0.0003208090458891321
0.00032135402909003614
0.000321274296024802
0.00032087402825901537
0.00032099620234520904
0.00032096412963588896
0.00032096423961571033
0.000321766561286819
0.0003210973965077855
0.000320870699760544
0.0003210903468012361
0.0003208484699570792
0.0003213859977747741
0.00032082381877255174
0.00033363371438357563
0.00032445449443924373
0.00031979021097790054
0.00031950460567650854
0.00031985331062771527
0.00032001154253485215
0.00032016552965311956
0.0003205050323189239
0.00032005550747271627
0.0003204175450039179
0.0003203327602148978
0.0003203422531543957
0.0003202745697953625
0.0003206728032706367
0.0003204989049060381
0.0003201350995812799
0.0003202039815762876
0.0003205822986184094
0.0003205914061962974
0.00032007161975667654
0.0003207626576011343
0.0003208478646358266
0.00032046948247028224
0.00032144666341265584
0.0003204856245784648
0.0003202642051817345
0.0003204371241496095
0.00032021644401898847
0.0003202456012544938
0.0003202800697949792
0.00032028554861507575
0.00032046814355000285
0.0003197664504378216
0.00032028173759814793
0.00032053809777622975
0.0003201283218466643
0.0003201056102451349
0.0003204782067997098
0.00032300570940909285
0.0003196698759560298
0.0003199644421635306
0.00031962474873796623
0.0003196735072592058
0.000319929127258682
0.00032003675706580083
0.00032035650706753173
0.00032005921239993865
0.00031951606197193534
0.00031988118033089274
0.00031978054125424436
0.0003195730570212726
0.0003202918160241097
0.00031954433086824605
0.00031967329978635506
0.0003199099375087946
0.0003199372602424587
0.00031949516638218986
0.0003200028716104732
0.0003195707887474896
0.0003198721265422623
0.0003199745424894044
0.00031928858845018266
0.000319464972310718
0.0003198154754079909
0.0003194333457160532
0.00031964205994605775
0.00031992306496921876
0.0003203098188563966
0.0003193819995953397
0.0003193371781115743
0.00031915936278442084
0.00031977772625107874
0.00031965953549954165
0.0003197863595229773
0.0003189712401868302
0.00031915584419855525
0.00031948799046298965
0.0003194565353696096
0.00031972692316173645
0.00031912508610829635
0.0003190472686129988
0.0003196837114655834
0.000319143072035388
0.00031884061431945623
0.00031938585916667774
0.00031914442584376546
0.00031909704130187496
0.00031944125144021653
0.00031928955934628256
0.0003193370488252515
0.00031934545988027965
0.00031920375486662174
0.00031905620713893433
0.00031938431080447653
0.0003191476322118064
0.0003196386130631935
0.0003190021497995067
0.0003194411307985959
0.0003187280667334082
0.00031888398863206136
0.0003190238714385655
0.00031885996769434426
0.00031940506918358896
0.0003192414169521732
0.00031882419961500025
0.00031829329930620865
0.00031890634104621784
0.0003188240012671128
0.0003186866179321471
0.0003188806465902234
0.0003189914560628588
0.0003194132152304711
0.00031861193577425475
0.00031966128898131365
0.0003183837841236472
0.00031902916675084655
0.0003189137064764989
0.0003185639439900667
0.00031871683063775473
0.00031872748974756806
0.0003190589290674739
0.00031886702503704716
0.00031945109684343014
0.0003187169641503763
0.00031823342936513054
0.00031866194441547256
0.00031873842798520755
0.00031842175833097114
0.0003189557733739613
0.00031824917828344524
0.0003186757488040985
0.00031882767939575866
0.0003185652377657906
0.00031882278308450633
0.00031852884803631223
0.00031880116508582073
0.0003183232926765131
0.00031860388986183877
0.00031865342184378713
0.00031841111079545343
0.0003183573482403679
0.00031853459460204375
0.00031840314071628545
0.0003181697307815376
0.0003181953228938642
0.0003183794300753482
0.0003182567380274194
0.0003180404034924998
0.0003186355354268221
0.0003180409922927661
0.0003183517276951828
0.0003178057698521413
0.00031821309433629114
0.0003181973057964251
0.0003183637762487568
0.0003183094092368889
0.000318224954819568
0.00031859575620569634
0.0003177880506141099
0.0003179636652882614
0.00031836306690292206
0.0003185183040931415
0.0003180590489623367
0.0003182722941688769
0.00031831303011839625
0.00031824918313408363
0.00031813444531670227
0.0003179124837050448
0.0003179846420901806
0.00031817278879688494
0.0003178366617431784
0.00031800068036588557
0.0003202355585119413
0.00031737026964235904
0.00031764131380750707
0.000317402074558018
0.00031823209174155646
0.0003174438383145928
0.00031810883068012397
0.00031815639387919157
0.00031820721147242294
0.0003174936165744992
0.0003175784307555065
0.00031780438280968676
0.0003174947353910575
0.0003178691243285639
0.00031822245107370465
0.00031798565808280983
0.00031791802289397777
0.0003185321183271227
0.0003283128102303086
0.00031719059724108663
0.00031680621517201263
0.0003170905494140369
0.0003169993700908356
0.0003168116018299794
0.0003172654992145434
0.0003173404215030501
0.0003171674042257016
0.00031808971858847727
0.00031744259001960726
0.00031786761261029447
0.0003176860339561533
0.00031723654536966835
0.00031810908584291477
0.0003176758389707913
0.0003176004830063951
0.0003178640070491203
0.0003177745459084906
0.0003176762617447509
0.00031705040980488516
0.0003181515902103303
0.00031719998216983423
0.00031778076005655435
0.00031760754265435187
0.00031726696511589163
0.00031739413900963234
0.00031762065042406564
0.00031681869773765895
0.00031777947713473425
0.0003177529981239966
0.0003174659411369888
0.0003175057730427713
0.0003171473022196104
0.00031733054934928606
0.0003176305285810951
0.0003173524714013555
0.000317445651300731
0.0003176656544551241
0.00031771566828316317
0.00031761670445373265
0.0003168604276838433
0.00031686436155159333
0.0003180390278322364
0.00031721651237711566
0.0003174132908188827
0.0003172537516406814
0.00031731578021190396
0.0003171780124278247
0.00031698891734927216
0.0003172162186013221
0.000317509269776751
0.000317101101329544
0.00031789726019251427
0.0003176782740873251
0.00031766306685565023
0.00031703596762934754
0.00031673485325209847
0.0003170139574493426
0.00031755403242851593
0.00031702408625470727
0.0003169971361557305
0.0003172646945368548
0.0003167683522412154
0.0003171057380596022
0.0003172845129486905
0.0003170396191995474
0.00031689816565066883
0.0003172099778948124
0.00031704488545602414
0.0003171390338501933
0.00031752994790421214
0.00031711986609627015
0.00031660283918964304
0.0003169724268115682
0.00031682811244260276
0.0003170167210645568
0.00031701614134122766
0.00031660547390274346
0.0003169188562168958
0.0003166533396663851
0.0003174682268442543
0.00031700651892330254
0.0003170708316649547
0.0003165350984393929
0.00031681047321609207
0.00031691970061218804
0.0003170187429163033
0.0003168009508365808
0.0003162942456562539
0.00031687076593112974
0.0003164905374012918
0.00031669619174293017
0.00031687470911594763
0.0003173284284676742
0.0003173886967374153
0.0003166217048592533
0.0003162728256692729
0.00031656100003205534
0.0003168390728202848
0.00031691335722582763
0.0003163405157039372
0.0003167211419380986
0.00031616328399022885
0.0003168615358866284
0.00031660214103389493
0.00031646172705847194
0.00031685850356525676
0.00031679603795631614
0.00031651208355289764
0.00031643435365724817
0.00031633645259789055
0.0003166808200698106
0.0003170020484596817
0.0003165525964691024
0.0003166132314663178
0.00031637387330414845
0.00031691209404274406
0.0003164568941417018
0.0003169940468753771
0.0003164934406284452
0.0003162882931545076
0.0003165645930103853
0.0003163704494738232
0.00031668389907257366
0.00031619994525940593
0.0003165820658744064
0.00031658169026209946
0.00031649148327578166
0.0003161707402379083
0.00031641302592844915
0.0003162510605185468
0.00031699122303540484
0.00031652658825844724
0.00031623670315714217
0.0003166874659246928
0.0003166529926296213
0.00031622950293672375
0.00031649041104456254
0.00031601119904260986
0.00031629344035422573
0.00031593105304877125
0.00031627997690304596
0.00031660251011464917
0.000315892016695714
0.0003166127031309401
0.00031626566012371517
0.00031629910210582426
0.00031616752815475876
0.00031628489242474745
0.0003158584611318243
0.00031627179728590393
0.00031610453056045516
0.0003163457943991798
0.00031612448085202425
0.00031625842215476414
0.0003171381036322195
0.00031551705221315114
0.00031550943555822133
0.00031649992487542395
0.0003166914155930373
0.00031621020680897417
0.00031631943482940975
0.0003160418042657196
0.00031605271522452125
0.0003174419431077323
0.0003158432794980729
0.00031643702280507866
0.00031581644792756734
0.0003162716045570729
0.00031575387987890666
0.00031579349792436404
0.0003161275875178341
0.0003159861715253836
0.0003162224457861253
0.0003157057247098486
0.00031589550464091327
0.00031609590074643736
0.0003159243754486218
0.0003157729097018049
0.0003160282561444853
0.00031607590103598787
0.0003164519056202936
0.0003155268853216773
0.00031604017891764347
0.0003157239511517636
0.00031596027872150167
0.00031597977526226197
0.00031573294999850943
0.0003161241388580033
0.0003161397757793995
0.0003158689453304982
0.00031537504962963597
0.00031597670120618956
0.0003163115028349572
0.00031587420611199694
0.00031605351159369065
0.0003161801660849126
0.00031530545891313307
0.00031596432535458823
0.00031573633612832824
0.0003159041291240314
0.00031555052675697154
0.00031575451646516524
0.0003163928988527218
0.0003158531395012279
0.00031580840129475957
0.00031668327401258454
0.0003154559138061159
0.0003152575757640349
0.0003152191611091382
0.00031575645431922286
0.00031624502406713765
0.0003159230292763979
0.00031565796955036795
0.0003155435184969662
0.00031549246250206096
0.0003154261961057567
0.0003158938253595011
0.00031551000183423607
0.0003158378940887854
0.0003159551721518835
0.0003178352338785195
0.00031538018895306997
0.0003152411460754286
0.0003151397620175624
0.0003157135383679344
0.0003167626456812442
0.0003153487183952784
0.00031574875866132097
0.00031561412755937835
0.0003155935159000713
0.0003156162590547634
0.00031566827787737987
0.0003152741771940566
0.0003153600066473013
0.0003153609085778887
0.00031550096264554696
0.00031537597374829213
0.0003156157873421846
0.0003158169334236434
0.0003153059203961477
0.00031484871554855417
0.00031582062082133094
0.00031484256546733834
0.0003154226501930271
0.00031560283527316113
0.00031574655474254264
0.00031564128767659047
0.0003155949501522045
0.00031523250996998874
0.0003157074366970504
0.00031581045330691124
0.00031523551405200016
0.000315137517804867
0.00031562147397131476
0.00031539317238315167
0.0003151825505555469
0.0003155061421188197
0.00031577883050631016
0.0003152022518796951
0.0003150493977456922
0.0003152204349540211
0.00031596643912833395
0.0003156956365345839
0.0003155183116021711
0.0003153384578062326
0.0003160615440587922
0.0003151199478320255
0.0003151438064414473
0.0003152771564945886
0.0003154765636461907
0.0003150089399634765
0.0003151245066637124
0.0003155462459004838
0.00031518459973415734
0.00031557510873585594
0.0003156142305273858
0.00031506530721533564
0.0003152928780860394
0.0003151295076719126
0.0003152931372830245
0.00031503121068519803
0.00031529470783329445
0.0003150331660207644
0.000315185840248911
0.00031504343222886656
0.000315415738177372
0.0003153441515912551
0.00031497527686909774
0.0003149484341565317
0.0003154157682897511
0.0003146879543936827
0.00031542490785303696
0.00031578823618234284
0.0003146316292607333
0.00031512557341995353
0.00031468540872101405
0.00031475142086702384
0.0003152557759850805
0.0003149200094634784
0.0003149287261087263
0.000315455127762563
0.00031544899583522154
0.0003149865190640688
0.00031527722992653044
0.0003154530751740978
0.00031491956262843124
0.0003151329123398148
0.0003151051638065453
0.0003147312517204128
0.00031530002965599534
0.00031577177244321547
0.0003150947214386245
0.000315073952877974
0.00031489811761984017
0.00031477440602534906
0.000315248722292363
0.0003144375060872473
0.0003151493015423995
0.00031537932649995556
0.0003145036635603049
0.00031488673859844505
0.00031548076838127374
0.00031504554384143674
0.00031559977889070195
0.0003150711950258945
0.00031502926922918114
0.0003147685016457778
0.0003148728147208254
0.00031507143376375126
0.0003153343684298967
0.00031523394403001756
0.00031477485410907544
0.00031496699452407894
0.0003146636734905625
0.0003148310784351929
0.00031495583430969957
0.0003148517306765738
0.00031506723176615725
0.00031501554182643016
0.00031495003145735206
0.0003140921815027246
0.00031480958640902755
0.0003146850987604171
0.00031504365079575175
0.00031501978848831846
0.00031479573870083876
0.00031496963082204137
0.0003156819707973747
0.00031420929939870296
0.0003147150663887197
0.0003145797239718713
0.0003148788158250081
0.0003146290157751792
0.0003144893037975941
0.00031483372222523056
0.0003147054248083715
0.0003142357591029392
0.00031479632879781043
0.0003144767269566686
0.0003154347709298638
0.0003151797781035261
