0.032173910046076226
0.03214694392366378
0.03716504948818131
0.022907033784697387
0.01832980826028333
0.016651513961618705
0.01508833666560271
0.014102270684840268
0.013415424153208733
0.012994772440056927
0.012812792200175737
0.0125856992375377
0.012621729215298663
0.012548900530087632
0.012440828661995614
0.01219708544652391
0.012175655128150586
0.011945075380140977
0.011803439324906725
0.011773810697263045
0.011710527790895361
0.011727716736742203
0.011758145160775706
0.01164286955574293
0.011582941655686359
0.011485619371793918
0.01149606541884656
0.01144596277458581
0.011419506786724196
0.011496571231855462
0.011335145552574798
0.011283143219963604
0.01142413155576646
0.011387429699696453
0.011297127972079428
0.011246349514517563
0.011267113480840297
0.01155387449220119
0.01168922677216743
0.011192244551582447
0.011193609993830816
0.011111145031126524
0.011126858891536858
0.011176522568312306
0.011090257723155795
0.011031606888386192
0.011088897942855263
0.010986974826761035
0.011097446719295537
0.011069893935658284
0.011164922470732636
0.011003469653575626
0.010888133981320637
0.01091195238963855
0.011273365578805374
0.010885524501814353
0.01093533592582341
0.010895853658632331
0.010892391291181773
0.010858177059385556
0.01080990286038214
0.010794340065427569
0.010801109491495898
0.010960030085746421
0.011198804719953348
0.010786194897053257
0.010759407623566144
0.010750892824980597
0.010753752022290862
0.010927680848992817
0.010659861828613755
0.010559275530476048
0.01055997180203531
0.01049547086759711
0.010406864443115445
0.010405165932776517
0.010491353459656239
0.010475182110159997
0.010396356737574206
0.01028665757756557
0.010246216954774415
0.010281880928931252
0.010332923758750326
0.010266446773678262
0.010240212101365952
0.010637975655594803
0.010304698418357119
0.010194506341998545
0.010179568230118972
0.010207251004183925
0.01019069299545904
0.01020049536292324
0.010181958922832612
0.010144754880360814
0.0105720865015952
0.01018995139747858
0.010153710805126373
0.010194626081710225
0.01011065397386914
0.01011615622147227
0.010110432497959659
0.010102046968181008
0.010021870696781487
0.010020475415204535
0.01001638492310284
0.01002414616453924
0.010012013572484057
0.010008852053063596
0.010008544759787866
0.00999882688363459
0.010002876459219993
0.009993016473110149
0.009988249822316185
0.009995108501159198
0.009997138050415659
0.009983550899026805
0.009968271818234037
0.009985582477456291
0.009979270139573426
0.00996789780278869
0.00995685299550066
0.009978222290658399
0.009962940471407198
0.009952113439409148
0.009955465879957407
0.009958010728144093
0.009937007670963047
0.009937341867742554
0.00993602206646804
0.0099419957359895
0.009941794533307189
0.009930941066550498
0.009925893372208472
0.009914425022850762
0.009913388682862387
0.009923029499782236
0.009917671903227733
0.009908468635222375
0.009920698442551869
0.00991250290257844
0.009893569330505978
0.009894767615771452
0.00990591545447411
0.009898870443271486
0.009890438544730477
0.00988025554387972
0.010209570749854015
0.009942208447598464
0.00988744307210706
0.009863739962757424
0.009877143766953062
0.009866847619661038
0.009869966859503693
0.009858301137604856
0.009865667596952805
0.009871584616157393
0.009856501137776091
0.009866412722857187
0.009854142196377777
0.009845432134604218
0.010005916043227871
0.009876943372239341
0.009855159151287663
0.010078334453090138
0.009865276466142263
0.00984762827958295
0.00983723197502411
0.009837376206669192
0.009839815685883263
0.0098377668440638
0.009829431725974312
0.009846368773735516
0.009828453346938881
0.009822563965194273
0.009819336383548004
0.009827772870857194
0.009836737399563094
0.009823745875218452
0.009827923578586405
0.009826972303504976
0.00981600470964285
0.009817098051506951
0.009804899896809598
0.009813777757006766
0.009799726208708934
0.009815886672216141
0.009798021068093398
0.009806323839684591
0.009799639922597551
0.009796266289834944
0.009796090997656845
0.009804372552362894
0.01028254252568578
0.009979531051751398
0.009902003443250987
0.00985681199598194
0.009829989289063097
0.009859178141252884
0.00981199543997152
0.009801995650624597
0.009790762321443746
0.01013325411974397
0.009787180356138589
0.009769695061598195
0.009760409229687902
0.009751373889627836
0.009752242332509417
0.009754288664075317
0.009751778237817699
0.009737259042233427
0.009746430682277443
0.009748250369401957
0.009748160857583909
0.00973706076920822
0.009735296190475785
0.00972468832150003
0.009733055687404625
0.009736213228659125
0.009739321810717615
0.009724331809984927
0.009731222357329549
0.009733414443962227
0.009736684366863296
0.009722926209847264
0.009733772546743714
0.009724379270430038
0.009717406951729825
0.00971793643636814
0.009714404151879795
0.009724250599889961
0.00972051742110426
0.009723887433427454
0.009722648842247906
0.009721991143479252
0.009707754517948588
0.009706316287598467
0.00971247126280472
0.009703682316158781
0.009703970532740979
0.009703996807139442
0.009701207162972712
0.009710448078613803
0.009695293936903113
0.009702024500298974
0.009701765950349783
0.009701488847961489
0.009696417944567487
0.00970553888612433
0.00969919776358944
0.00969816076982495
0.009691457862392167
0.009697525200760917
0.009690265726322764
0.009691560727278918
0.0096999393368991
0.009697997103759785
0.00969254466032745
0.009691325947642326
0.00969886224383846
0.009693202075381942
0.009687160706110545
0.009682013653218746
0.009677843788996438
0.009678752451444304
0.009684928353653838
0.009686505483673108
0.00968270396061291
0.009674235499951224
0.00967373340914877
0.009683090934394211
0.009684717375168343
0.00968439257796237
0.00967931794311037
0.009677375099368838
0.009670513823924476
0.009672802687924824
0.009676464611282017
0.009674688283082666
0.00968060755349745
0.00967008974526497
0.009665318419355036
0.0096642468679721
0.009668270989463029
0.009668894944749526
0.009665585061325538
0.0096736533493297
0.009661871946065237
0.009661585265240132
0.009663559687601415
0.009663116550751475
0.009660759034091668
0.009662701254895587
0.009647186805450956
0.009665212563134186
0.00965529993571193
0.009658713621512943
0.009658238067236168
0.009656820267389546
0.009650827527342254
0.009665357815533482
0.00965003961919258
0.0096475489542431
0.0096350662804992
0.010063810970954943
0.009721795874123541
0.009736285748465962
0.009733307878455973
0.009739277434122088
0.010242536201431656
0.010294818652436038
0.009859374520794445
0.009751604074328546
0.009753554744880325
0.009726992493729717
0.0097230373517863
0.009711869597583023
0.00972576437530336
0.009738948054315633
0.009713262800645354
0.009750297755644417
0.009719008727874977
0.009718337090106199
0.009718372535873328
0.009726092626420867
0.009710936073139803
0.009724821371106517
0.009710234811911914
0.009724452314491304
0.009704910675125406
0.009704425221691463
0.009713653209835093
0.009846680550928542
0.010245720868227103
0.009734052177888667
0.010387770621883159
0.010094461734375811
0.00989004373797123
0.009711539644180544
0.009715773757325102
0.00969142946630519
0.009693646550622602
0.009687613276456366
0.009693053939583286
0.009690441407065913
0.009682311121349698
0.00969491187261035
0.009689865010907713
0.009689608607317834
0.009681749237787645
0.010105033090572483
0.009814470315611126
0.00983900935790002
0.009768719143474734
0.00968642785084366
0.00966632381599668
0.009671510413091704
0.00966925851211248
0.009677881584656949
0.009663298066138037
0.009661485656898543
0.009663107564413784
0.009679963244803694
0.009669000578933204
0.009665769691400181
0.009661830455952923
0.009668468442184245
0.009662574157118797
0.009655822321328502
0.009664164381163404
0.00966850117416374
0.009663431880539222
0.009672713225448368
0.009650385038100727
0.010277669327888662
0.009786616400229615
0.009683520163082524
0.009637916192338364
0.009645776046032938
0.009637727389815233
0.009634890732361583
0.009640020466354114
0.00983512175534636
0.009673078106531244
0.009631172371473139
0.0096751106594572
0.009726808320064813
0.009631288207031243
0.009626722012627993
0.009615991733326817
0.009622058658459724
0.00962096108555399
0.009621360271379647
0.00962253502070509
0.009628053396841548
0.00963490442156989
0.009629656825930078
0.009617979089353258
0.00961359448434896
0.009620526373781116
0.009621452459979135
0.009631720735438613
0.009608896492382155
0.009617024662577554
0.009614597716128194
0.009636220355697025
0.009612916820738095
0.00960246811540711
0.009610950749441488
0.009613335545834722
0.009611118874753154
0.010008010415002605
0.009888206812127537
0.009707846512265552
0.01000796188137784
0.009661008159796529
0.009616656703812792
0.009602183180040871
0.009585551269944535
0.00959089534073476
0.009583910837744838
0.009590700324254716
0.00958764407512368
0.009585977254423084
0.009591686372824062
0.009589172079419063
0.009601662897609718
0.009601788101902861
0.009585670405221696
0.009595501026915794
0.009575600051228574
0.009598044666233442
0.009611792227142299
0.009592737028042211
0.009587709144349919
0.010255738439050732
0.009958664498088375
0.009643925286040005
0.009604698158060478
0.009711154169150141
0.009599060461615884
0.009579516225648637
0.009565725416833202
0.009570063128820713
0.009578617690562808
0.009570549877471482
0.00956452613856816
0.009574092659383814
0.009580600445485667
0.009575555390918887
0.009608392868906458
0.009554428214959752
0.009570734217664264
0.009522790305119083
0.009524492879971763
0.009521705431505939
0.009515644211494765
0.00952372933731766
0.00951761645665824
0.00952339939316673
0.009518661468431649
0.009514606409761685
0.00952152700613666
0.009519106720802405
0.009523348759440397
0.009524628772887568
0.009528510365018387
0.009526894316817356
0.009517821199599876
0.009519324779806548
0.009523607870650213
0.009522999223593055
0.009516026864802797
0.009517053691115206
0.009670260535022675
0.009591115379570336
0.009506613676072351
0.009511889519774362
0.009512196985745666
0.009509202561631108
0.009518945978226646
0.00950733001115701
0.009508515887011756
0.009511778427176917
0.00950390456972138
0.00950800163659039
0.009507482112786233
0.009508848381506292
0.00951092629169194
0.009516951461501468
0.009498777768469803
0.009500232697865426
0.009507468210792305
0.009512118569618424
0.009506807459012561
0.009501786964223874
0.009504984472168992
0.009501817956912201
0.009501725484598551
0.009507867193083889
0.009505864035412176
0.009490850190354498
0.00949490921485503
0.009495062913918337
0.009504443786988984
0.009504052218271802
0.009495149693445655
0.009501351611010286
0.009493873818524626
0.009497542877909758
0.00949939748654697
0.009481722600017952
0.009494264918496672
0.009495909381287778
0.009502210592641341
0.009707139015493804
0.00950844075210047
0.009522661634579006
0.00952112629072161
0.009532415856983488
0.009573699702934318
0.009534622949628245
0.009525529491338903
0.009528193357616465
0.009522068437608267
0.009545594392134654
0.009531287519594298
0.009526112894003359
0.009528808320397573
0.009545405049937845
0.00953521446281711
0.009780791606630711
0.009539785998447842
0.009522378691379597
0.009520943498621318
0.009517479601581365
0.00951559263102661
0.009523332180665029
0.009514616265744957
0.009521052438691752
0.009520038148227907
0.009516962199465724
0.009523091554049625
0.00951547629588487
0.009526875141440638
0.009523743775901415
0.009623100237908544
0.009505092881817296
0.009512983373557495
0.009509039592515948
0.009525031535978744
0.009533801597129824
0.009513243332825947
0.009528013371819298
0.010332125652310075
0.00975203366691111
0.009576060195508974
0.009538270502246373
0.009519690228317747
0.009524044075006287
0.009542619562800357
0.009515622439516695
0.00951346822255692
0.009512181720690223
0.009522545620157623
0.009508833356991115
0.009518496815534617
0.009631665824412905
0.009507193655663769
0.009510481816451281
0.009506966702837422
0.009521866587317542
0.009524257329372775
0.009516292482935238
0.009515761151071021
0.0095170448281315
0.009513680508594639
0.009508540234004227
0.009499460915165231
0.009501339744357084
0.009511678713984442
0.009525939248600937
0.009867550206944247
0.010503494994875216
0.00964089072870695
0.009572053556361341
0.009531854361986482
0.009523764604221512
0.00950913414951192
0.00950924771227288
0.009495076963937046
0.009497542020599574
0.009501787143087151
0.009485570794057768
0.009507375257398119
0.0094995146296573
0.00951054383883413
0.009492131899918942
0.009505345671135463
0.00950641327519093
0.00949270385533374
0.009490626537247209
0.010008741731428548
0.009564497878170566
0.009510330041710115
0.009491923949773738
0.009472103992982811
0.009452656972289876
0.009453256386301375
0.009452882006961778
0.00945070833707882
0.009531842060510488
0.009456537164352982
0.00945649424950216
0.009446575805939586
0.009446456991382782
0.009452043465085772
0.00945141152262885
0.009464529521812667
0.00945049419456365
0.00944864016569016
0.009454785321919333
0.00944713887369988
0.009446143240526023
0.009446335182408032
0.0094471803144706
0.009447481202590742
0.009450201524902653
0.009450338509501211
0.009449493991124708
0.009438827195951086
0.009443357395661982
0.009443115017420014
0.009450787561174654
0.009441878344394907
0.009446716793374905
0.009441139398525093
0.009442361713146531
0.009442107745797823
0.009449790762305654
0.009438544755419161
0.009438011752108469
0.009442348976847747
0.0094508199045891
0.009444946077781798
0.009434232617796258
0.009448523417312577
0.009433620522995264
0.009446376065001977
0.009439199749651728
0.00943996159618856
0.009439790732418464
0.009428175523975827
0.009438405923594703
0.009434926323592663
0.009438255622933637
0.009437348767621628
0.009435390714333941
0.009445118298445711
0.009434620522900132
0.009438986310254265
0.009426453261827396
0.009434551494011026
0.009429431440222341
0.009435712618889003
0.009429494603629539
0.009438526212231608
0.009432160801297386
0.009434402877131834
0.009428582363916154
0.009430899815202154
0.009432824180516976
0.009427211105527467
0.00942329852687602
0.009430433259598466
0.009430638977036571
0.009430015003246977
0.009428184824866175
0.009422995032902979
0.009428828004870982
0.009426537210380795
0.009426203118452173
0.009433788870344099
0.009423850600712545
0.009433026955962575
0.009419016614062897
0.009436354466670792
0.009436108714697376
0.009426164058413332
0.009426855605515028
0.009416127077840416
0.009423492433170214
0.009423580119349309
0.009428984300535641
0.009425016086153834
0.009423407978865485
0.009431350168260123
0.009425067558687255
0.0094256755519683
0.009413259899527427
0.009430944956592377
0.009423037232300698
0.009419663704388978
0.009427099044601255
0.009420237429933438
0.009413762233953998
0.009415939308406895
0.009430317676916027
0.009418077365994848
0.009416599542099908
0.009427371172740168
0.00943586312925184
0.009410222054810713
0.009414256621300188
0.009415729566545085
0.009419436221140505
0.009419211994437193
0.009418516231713114
0.009414671402153196
0.009419635906568821
0.009423098076653006
0.009415217767784138
0.009418392523087018
0.009412676466024474
0.009410525172554104
0.009411210527285835
0.009417561826524356
0.009426846495823355
0.009417223941460745
0.00941912674449927
0.009426485407875468
0.009416962319997368
0.009412170190438135
0.009413854854292428
0.009418075133287749
0.009410287204217042
0.00942687780306434
0.009416346037328637
0.009413344878086587
0.00940596932755006
0.009415166859595191
0.009417900969798597
0.009415178047801485
0.009420409983653106
0.009412885828572788
0.009413082115598862
0.009410884579803967
0.00940939047626707
0.009413951073483324
0.009408837523533414
0.009408968402109794
0.009406164337862406
0.009415991302110896
0.009401070398112006
0.009406147925614916
0.009419844553664031
0.009389575391958485
0.009385781078938617
0.00938377786575761
0.009388342820453328
0.009385037032381588
0.00938361029862272
0.00938657277713943
0.009385144239328555
0.009379136832492635
0.00938103317178243
0.009383642774642698
0.009390355217338399
0.009390845392146055
0.00938366064863489
0.009381005077912712
0.009387736535624953
0.009390221100719954
0.009388818584431876
0.009375714055503047
0.009382401207548302
0.009386502249499426
0.009388081532045706
0.009380731031619358
0.009381247181692068
0.009376223933025701
0.009380160880256568
0.009385859612252145
0.009386137911174076
0.009373037921671835
0.009383937979228055
0.009382761354922064
0.009384314326063686
0.009381758147813626
0.009388337522399742
0.009380233338386413
0.009376438328416536
0.009381309793090188
0.009377069154519909
0.009383942413803758
0.009380132539678883
0.009385429467660505
0.00938230294684898
0.00938603441409816
0.009374033672031977
0.00937571573928492
0.009382426208316886
0.009375091259743994
0.009372126733551159
0.00937848917782208
0.009376403030674189
0.009381232968229332
0.009373203117326395
0.009379306851287947
0.00937919511108209
0.009381322424538088
0.009372603641637903
0.009380324145421287
0.00937614275993693
0.009378884807969166
0.009377570816667269
0.00938212238128809
0.00938110610482511
0.009372304286191006
0.009379577446753615
0.009381314785842667
0.009376849923652923
0.009378449245053806
0.009382576999310034
0.00938170858109925
0.009379799351318191
0.009375052230543648
0.009369547028612616
0.009373555440973761
0.009376788431692202
0.009378474347589427
0.009378672238217284
0.009370852909390106
0.009370075375310436
0.009376542559448654
0.009375226412535898
0.009375153189611357
0.00937745664947179
0.009378473773993404
0.009372528858285472
0.009370596419452436
0.0093772103393216
0.00937289609542943
0.00938482800288903
0.009372902448159574
0.009369482585407842
0.009371198078506435
0.009379220540505766
0.009378585979860547
0.0093720086992083
0.009376171381144926
0.009368704169347191
0.009369065183282689
0.00936955488009366
0.00937242963234123
0.009371393323191349
0.009374532743745686
0.0093611664453287
0.00937538742649042
0.00937095737787864
0.009379493047958178
0.009371814937855038
0.009369199047025465
0.009368531245565572
0.009376414715380267
0.009368711003157872
0.009366233006662486
0.009370507727938378
0.009368781379689247
0.009369026678336771
0.009373478609945207
0.009370713130823823
0.009369169041169006
0.009371357081791029
0.009368259897640605
0.009369850756958226
0.009371858528068919
0.009370375307437204
0.009369685740166942
0.009367095155407065
0.009363065775952592
0.00936797885409254
0.009369030206260696
0.009364603663985895
0.009371227634120856
0.009370293998659051
0.009370085265216054
0.009370475612728801
0.009367765652151494
0.009366704761636573
0.009484328755134384
0.00938464229963473
0.009365549024243821
0.009376954749868011
0.009361126460134983
0.00936621790196722
0.009365847688908411
0.009362978404326155
0.009364740293941751
0.009368600391640964
0.00936587481136551
0.009365328710945631
0.009363195211287366
0.009366428812608024
0.009363360255833297
0.009368107987210056
0.009354831977741214
0.009351898293128076
0.009352716327404344
0.009347901716581638
0.009357111972590156
0.009356125353508635
0.009354509955999867
0.009343886852807163
0.009357524930888058
0.00935600684425294
0.009353040760716066
0.009357913292401673
0.009358476218304887
0.009354388285798347
0.009350608941784362
0.009357961289436612
0.009354268342552596
0.009360059022607392
0.009355790314838191
0.009355265206182437
0.009355335693732397
0.009353881387274391
0.009355077612528344
0.009352842888591305
0.009352027056183642
0.00935150096686372
0.009355028471385208
0.00935472488489668
0.009358185460630632
0.009352702746130773
0.009354668681737998
0.00936022616725489
0.009356228246150032
0.009354926688929663
0.009358192078571841
0.009351375253735394
0.009353470630845092
0.009356836566319134
0.009355774790739381
0.009351953574215734
0.009347609225783916
0.00935539628520904
0.009353272481173869
0.00935436159508019
0.009353598875813926
0.00934932604802168
0.009357417125674273
0.00935094098603686
0.009353093136817415
0.009353790049817389
0.009359723351747784
0.009350670735962343
0.009351659492151627
0.00935025866581312
0.00935274272824064
0.009355662754483966
0.009349223590203074
0.009360890817020507
0.00934796298650519
0.009346998987460373
0.009351873202927855
0.009351597574619662
0.009348517037089298
0.009348862348062708
0.009352503066870155
0.00934830502859804
0.009347007486549829
0.00934985370702104
0.00935387063080704
0.009356557595117993
0.0093533532101883
0.009355691940036435
0.009342530538753563
0.009348109481695868
0.009354132832034139
0.009351639434793927
0.00935163539186712
0.009352369048934899
0.009349738537574447
0.009353514495521586
0.009344773687767666
0.009354055452080358
0.00934870419900445
0.009344108495244523
0.009348103603878558
0.009340431134136308
0.009350886882979744
0.009350377542046916
0.009345923673780943
0.009350987175935941
0.009350533233277055
0.009350775771879203
0.009617773757396352
0.009488899828187677
0.009492265190065697
0.009497100530525313
0.009514875167253002
0.009520154785586904
0.00950824802075297
0.009505774980003866
0.009497819011969283
0.009515151221132436
0.00949569855699476
0.009491229423673342
0.009491169004892277
0.009511296143940348
0.009509182146546856
0.009516754829084241
0.009494993681495157
0.009491245095796932
0.009496839581341144
0.009504295534004044
0.00951210738141213
0.009687743254548667
0.009413818094805376
0.009411723248117806
0.009417248871300788
0.009440248640907915
0.009442719174487307
0.009435179331864151
0.009454271583416999
0.011417230548004045
0.015393784911131227
0.012374544399019503
