0.05703888713649594
0.022683760895095644
0.01928862714187147
0.017437951273527673
0.0161813475689528
0.015383694794262597
0.014839978612000398
0.014452285892499162
0.013997696260168608
0.013684098531950031
0.013683365012454514
0.013252697248786393
0.013073421237074306
0.013054039919435387
0.012949683506767153
0.012762037053605905
0.01275877952083896
0.012325545471690276
0.012539063823154263
0.012462427295596884
0.012355955492815759
0.012295994019326401
0.012091165423860448
0.012109374802670266
0.012086548519754175
0.011944531761232776
0.011920448066820405
0.01229427964810786
0.012727569678042195
0.01191873411362124
0.011844534970967486
0.011877175282207456
0.011658422599727958
0.01174660807125049
0.01165811286274061
0.012296215111617208
0.012715158642887478
0.011760478365932754
0.0115308033689709
0.011666595019867318
0.011622494815083423
0.011525811061951587
0.01156087781582335
0.012237529371782104
0.011437182308546585
0.01188000032168017
0.01190700904211097
0.011444056572595446
0.01278207040769924
0.011991773993268659
0.01199810660256706
0.011533960795318923
0.011380974802714173
0.011704542351388696
0.011354582095303552
0.011460886063306246
0.011539031293476769
0.011372149310292977
0.011572728886364316
0.011255299340527837
0.01158069398733649
0.011285327208956869
0.011856034382710559
0.011217677769045233
0.011232223540003543
0.011382555112660718
0.011254170082706233
0.011212413829348662
0.011148921376948702
0.011475638317392997
0.011128569651923754
0.011100739360519566
0.011338216510813424
0.011101818286964405
0.01109464486550675
0.011145933654171603
0.011090254321964857
0.021204044682775983
0.01338126598288714
0.012710743420834196
0.012404464086880385
0.012225997901641496
0.011925036410367724
0.011895901151616187
0.012192331783153829
0.011815710798545246
0.011675239958655912
0.011661401390414624
0.011713218749208812
0.011606324626987326
0.01159238775349883
0.01153152790412356
0.01248284945073891
0.011672932464051562
0.0115355641516571
0.011482064971829405
0.01151639220025083
0.011443998016072775
0.011911398359257789
0.011768664267196907
0.011139605719928104
0.011111356207344792
0.011128083304824805
0.011114947639233602
0.011142821896440126
0.011677407223128839
0.011121650662875609
0.011068903121839065
0.011102648110746747
0.011051548073197356
0.011088073505672685
0.011044020890550251
0.01102587774936909
0.010978494844593034
0.011016591590377364
0.010991164652181931
0.011129397963459539
0.010914759286264382
0.01094952919105492
0.010925460078141871
0.01094498751199383
0.010934177441860583
0.011017740252289441
0.010901700065966092
0.011027102263355413
0.01089070834489939
0.010891473461741661
0.010900158684073699
0.010849664642447882
0.010896545008021613
0.010856194599921947
0.011429688014188418
0.010828647117065911
0.010862780467487208
0.010801194921111312
0.01083376045606219
0.010813941078709297
0.010838148055026437
0.010827771283489445
0.01080167049499038
0.010790765789574129
0.010904115360390038
0.010805231144055478
0.010754024327145551
0.010767202304903627
0.01077573624725389
0.010770525316102276
0.010929190916418046
0.010748349634235842
0.010740432507134114
0.010730678387748526
0.010744710729485102
0.01073853046980628
0.010707276255482494
0.011075213062807475
0.010715344816249589
0.010708311615702343
0.010697943757813756
0.010693287602917786
0.01107693425450388
0.010661962420584346
0.010693608140788062
0.010700718063258691
0.010630654724370135
0.010656551590109422
0.010670357857133099
0.010670478812268269
0.01080256230243952
0.01061943921847607
0.010634527766075071
0.010633272822737301
0.010638246079138403
0.010609473568992844
0.011021225476520683
0.010622303232108013
0.010625262984471156
0.01058541401827296
0.010595673237229535
0.01061654888191829
0.010598040379510067
0.010592369537911202
0.010619960593139575
0.010574574053607169
0.010586841477591409
0.010586215684147362
0.010723419536655098
0.010566183264450272
0.010976038175472136
0.010535076512607804
0.01054910240578081
0.010548546873401888
0.010569539040990986
0.010545076295217075
0.01055729486626072
0.01053877516953957
0.010613836403382888
0.010528506723420062
0.010514943488556952
0.01055084140325832
0.010552350001366619
0.010410821873682363
0.010414825100759076
0.01041370372383213
0.010417434097983853
0.01040758946203556
0.010415150464294178
0.010417856214561871
0.010417772469298281
0.010421842056950523
0.010400740655673908
0.010500511271331963
0.01041185840189752
0.01039976577455848
0.010403876444908849
0.010414640468363911
0.010413906847437223
0.01044033898698418
0.010389153934744719
0.010396077186975739
0.010408052596764595
0.010388310860362973
0.01039272128748815
0.01038750287194555
0.010384966062978156
0.010382922274051326
0.010426313673198321
0.01037737837202675
0.010374560232947368
0.010375164347783765
0.010380059161005241
0.010373321786006489
0.010389737317664394
0.010380799565525732
0.010372073985882128
0.010376114324472918
0.010382062248369255
0.010373731546423617
0.010363911389198044
0.010379872297124304
0.010364395572432
0.010365307506284501
0.01036591997536102
0.010364093771665403
0.010360795060916505
0.010903104651018534
0.01037167082463849
0.010346816211828206
0.010349455712172556
0.010349099816317998
0.01034369534219649
0.010346752517663016
0.010348518320632846
0.010340414166745573
0.010354235805202238
0.010346386892100176
0.010344392177418317
0.010348877393127275
0.010344711651798129
0.010350275606457944
0.010360020547859346
0.010343753545246895
0.01034880088328725
0.010330775697337518
0.010391830008710572
0.010325811016480915
0.01032955516682993
0.010328654273606764
0.010324430756467601
0.010333690374302786
0.010336645264117041
0.010334630450694868
0.01033582146165788
0.01033153494807704
0.010325828677799442
0.010347058833653581
0.010325315033420674
0.010331753550693639
0.010331826579600278
0.010321430757445077
0.010328617595480417
0.010315971504343619
0.010325069923457926
0.01031142674238965
0.0103213963277097
0.010334198350830636
0.010327128761082199
0.010311240029118636
0.010316917992415207
0.010326478946892538
0.010471329314283805
0.010302811439945162
0.010295938595932702
0.010305422305962434
0.010305921986649926
0.010304519302663531
0.010316297737727858
0.010313053975010863
0.01030800751604066
0.01030734217980809
0.010318941147782819
0.010253999846381912
0.010248337712495437
0.01025261891323446
0.010252116361737448
0.01025534647735137
0.010251321934360286
0.010255267239627566
0.010254190020607446
0.010252858983912188
0.010250218851928271
0.010252601061348277
0.010246976174217442
0.010247879661619663
0.010254390188877043
0.010248969226042823
0.010250574612541266
0.010244873844136302
0.010251077054922926
0.010251222696253667
0.01025354227499895
0.010403978712119089
0.010239507818576132
0.010236776959482986
0.010236881713293764
0.010242710741415079
0.010241257610789227
0.010238910777795531
0.010241497984223634
0.010237975399510891
0.010244093337419009
0.01024621528060031
0.010244592956633065
0.010243546150059197
0.010239471650679316
0.010242021937697831
0.01024264220775354
0.010242413609556042
0.01023380784010484
0.010241321804426095
0.0102420729621876
0.01023773324488364
0.010235415817708662
0.010245382157231224
0.010234550609815828
0.010231847945514684
0.010254192235188024
0.010225978165114969
0.010233211844372671
0.010229619428908864
0.01023219842094891
0.010229813784864967
0.010229901638091003
0.010236415532555911
0.010233860522840577
0.010225298132120383
0.010237058738351065
0.010231761111210871
0.010227163266943822
0.010225650132095853
0.010228250778154178
0.010229547277535542
0.010225565638393164
0.010233137719702013
0.01022390781197906
0.010225636143815203
0.010228617096830024
0.010221484237083115
0.01022751575563312
0.010224354699278626
0.01022617931388589
0.010226722545430014
0.01022522003933935
0.01022066128910473
0.010220564182589549
0.010216585956759776
0.010222489021952101
0.010221253086201134
0.01022651275503065
0.01022955100282584
0.010229504713327578
0.010216489311295374
0.010222515026752902
0.010212653765313499
0.010218577195118756
0.010221054488577859
0.010225854122476412
0.010216531171632482
0.010214785156962109
0.01022187604725656
0.010215695266590358
0.010209361091256142
0.010217361059961932
0.010211273735825576
0.01022063478175858
0.010210446493927598
0.010218259122333314
0.01021170808561761
0.01021632782057567
0.010210444778818698
0.010211492544378187
0.010186106943995646
0.010186205006422776
0.01018362811062694
0.010186084123518896
0.010183683126279623
0.010182892651644477
0.01018444216339895
0.010187150596982181
0.01018845650487312
0.0101877425016571
0.010184761614726224
0.010184675934586194
0.010187827616241506
0.010184121934432697
0.01018676492800512
0.010187117948439649
0.010183312831809222
0.0101842648924479
0.010184532870529311
0.010185035228384997
0.010178350928015147
0.010183875805547726
0.010179605657732722
0.010183786881147044
0.010184722688208908
0.010184694299775579
0.010181747155614419
0.010183377145319292
0.010179971052770175
0.010185912866206846
0.010179649420672714
0.01017898191750148
0.010182747248523307
0.010185760459724334
0.010181574181656633
0.010177933065398987
0.010178407740229033
0.01017969046956045
0.010178381217514524
0.010178907537716057
0.010176515059158354
0.010174655979468485
0.010176732195633472
0.010182601823886432
0.010173627286042907
0.010179740499717371
0.010178832454059776
0.010178059127439958
0.010181138817552882
0.010180620255299134
0.010169818453343199
0.010181879753818606
0.010175833910420881
0.010172424708852674
0.010176445437416975
0.010179097048028468
0.010172248916337789
0.010178819224976076
0.01017353262617053
0.010173237698134219
0.010174195229908815
0.010172912319230757
0.010175293581959831
0.010171250509337919
0.010174338189460853
0.01017441184693339
0.010175558563211177
0.010172719741393827
0.010170833192298515
0.01017825310994493
0.010170310969301577
0.010166381216813923
0.010168716658779694
0.010173538954860896
0.010174249003798064
0.010167138761665561
0.01016842352269408
0.010172119482478785
0.010168843896500152
0.010170481267628005
0.010171161472748215
0.010171005915752044
0.010178735227671393
0.010167256701528633
0.010171809648670772
0.010166373644823288
0.010167117202931111
0.010171551149793387
0.01016748751738038
0.010167655279927522
0.010173214183007628
0.010173247226516996
0.010168225559784045
0.010167595623030325
0.010165224992132226
0.010166720636250457
0.010168949117509051
0.010168528614608761
0.010170672891089822
0.010164822104445385
0.0101520135267192
0.010153930360703382
0.01015347313971901
0.010154010542044447
0.010156830803494249
0.010155512027676054
0.010151250300185122
0.010152080477439727
0.010156196606631326
0.010156566867291337
0.010152643445030888
0.01015441898539318
0.010151992953096581
0.010150049471914177
0.01015138844329335
0.010148739394587356
0.010150369917574299
0.010154474572748831
0.010153399176416125
0.010153792100795622
0.010153983907140915
0.010154645438167718
0.010150215090575194
0.010149510157764843
0.01015247260573821
0.010145765858342742
0.010154232050817792
0.01015092335370901
0.010151801220519414
0.0101506798236136
0.010145575115487913
0.010151280059476103
0.01015012083028016
0.010153954538206259
0.010146306843032735
0.010151556244261391
0.01015355290765121
0.010151027959983537
0.010146855751648792
0.010147171866505256
0.010149258147408762
0.010146156786372363
0.010151900809024623
0.010146709684614497
0.01015323318737765
0.010145474686333448
0.010145823329859244
0.010152481268882359
0.010146629882871908
0.010150514407814925
0.010144817483036628
0.010149220027730312
0.01014926532904307
0.010143235782253564
0.010150409156069308
0.010149480682788509
0.010147627289391586
0.01014747483219349
0.010144668701950079
0.010148205474732143
0.010147449179328118
0.010152183368605355
0.010144833610592896
0.010144297851145071
0.010143583468330575
0.010145383538131174
0.010148672264057024
0.010141881877439644
0.010147964505005394
0.010145455629567895
0.010147694332322271
0.010146149809137233
0.010145615558862293
0.010147554397263345
0.010145039309935011
0.010147210056878159
0.010146640201188353
0.010145270035113438
0.01014434906773933
0.01014754047506664
0.010146346499547116
0.010144097622938872
0.010145016909014471
0.010142413782502952
0.01014028647883792
0.010141151450058021
0.01013826733614893
0.010144328775357689
0.010146128021414229
0.010143522403691665
0.010141357183210527
0.010147436082412307
0.01014592079292036
0.010146713806408466
0.010144150742136015
0.010143516658998953
0.010137956429629436
0.01014569051496119
0.010144374935761733
0.010145939683707634
0.01013690405048848
0.010138314644569414
0.010134297026561039
0.010138013427800472
0.010138622202323411
0.010134678057367258
0.010139005421583998
0.0101363705256001
0.010138565609877062
0.010131949054771917
0.010137238628891829
0.010139219373735067
0.010137035542170797
0.010135520636887834
0.010137395187905027
0.010133111316145155
0.01013726067480327
0.010136352550767043
0.010134251062871993
0.010132035003858234
0.010134512942788427
0.010132081465482121
0.010137656894159002
0.01013379840936401
0.010134147301857228
0.010132604518370463
0.010136319776203963
0.010137214585093677
0.010136817655719743
0.010128896832527599
0.010133648758428326
0.010131552796995286
0.010137473849315357
0.010131873359454938
0.010132043404203437
0.010129836406374331
0.010135640162765587
0.010137152898036215
0.010133403965053779
0.010138552042689456
0.010132835544768733
0.010137612759304715
0.010130451986006778
0.010134832521673083
0.010132402442887475
0.010134421295114476
0.01013151959826549
0.010133391130936913
0.010135981635414924
0.010130495100402006
0.010134636040272886
0.01012994063458722
0.010132831742636638
0.010134178634868204
0.01012907436013025
0.010133842179988183
0.010134658252162606
0.010133120772296642
0.010135584111285486
0.01013191380897666
0.01013170706151244
0.010129257415731749
0.010132894227311949
0.010135208050606668
0.010131940190302263
0.010129611193826391
0.01013351740198757
0.010133583024881853
0.010132284045047296
0.010135235895000079
0.010130874906349988
0.0101323835905211
0.010132283857553312
0.010133617446933052
0.010126978351055298
0.010133604433006383
0.010131564824273288
0.010129538822685531
0.010129731329828008
0.010130865321104283
0.01013283534190639
0.010132104066191333
0.010130232836276587
0.010130400621876269
0.010133823063286028
0.010128876283494357
0.010133600729231787
0.010127739313830047
0.010129876318003479
0.010129592187776424
0.010131798380303501
0.010129719674464303
0.010131670537069686
0.010132773736301231
0.010127882639149039
0.01013336152686636
0.010125790424522
0.010126692557971764
0.010131102531730342
0.010129812769837702
0.01012400915944586
0.010125254363854332
0.010130027862321032
0.010128837925606336
0.010126803162516934
0.010128815049803492
0.010125987778845007
0.010128296296982088
0.010126609415147859
0.010129217826838148
0.010125205498619049
0.010124203069719544
0.010126080680577078
0.010127999537037347
0.010122381705520276
0.010126051806503594
0.010125275464611675
0.010129868258835852
0.010125509300346029
0.010123907082803276
0.01011922638002697
0.010125601627301462
0.010122260561354287
0.010129519178848653
0.010128512203988463
0.010129521250503488
0.010127455094466508
0.010127248801905723
0.010127187691161735
0.01012768011798363
0.010125332831623333
0.010128466489266838
0.010126432778910049
0.010128131568149077
0.010128210698294364
0.01012759987055862
0.010125751104574688
0.010126012703250148
0.01012517431007065
0.010123992910479555
0.010126046891702285
0.010127894872363053
0.010126042109068865
0.010124620904672657
0.010126228385878474
0.010117010757474615
0.010125558857157482
0.010129343300270956
0.010127071801437796
0.01012767433025951
0.010126669460864548
0.010123530986777233
0.010130023691348314
0.010126653430128944
0.010128061883397425
0.010125733174309872
0.010122302756721628
0.010124636236147911
0.010122731933523916
0.010124490447280922
0.010126399687758766
0.01012439874735455
0.010122054351782641
0.010125042787651615
0.010124998411514086
0.010127524384251326
0.010124915039701627
0.010124001243203977
0.010123647343699294
0.010123809633573682
0.0101160422711335
0.01012692468935507
0.010127860155239357
0.010126600641351525
0.01012652988542523
0.01012627830845688
0.010125172665656204
0.010121404497635246
0.010125004292985197
0.01012084811692289
0.010121482092481439
0.010122800857541782
0.010124708836277327
0.010127595112514574
0.010122113776617613
0.010124489975472292
0.010123907735958547
0.010123028439890729
0.010127554155836995
0.010122906136950447
0.010118558219089956
0.010123652931634742
0.010122233768156652
0.010122509871489636
0.010123662106545256
0.010123605326604921
0.01011741079586764
0.010123977701951175
0.01011693630699474
0.010124345586662836
0.010124334575233384
0.010118184751053355
0.01012457596144267
0.010125631718549005
0.010123786382782872
0.010120944826934401
0.010122473514561999
0.010118758362770179
0.010123431352166945
0.010125606502145036
0.010121820426911805
0.010123657383848437
0.010121700126468743
0.010122590493902614
0.010124072112856132
0.010126608018163997
0.010122661727784884
0.010120309675696364
0.010123805167528466
0.010124856885829972
0.010125326727311014
0.010122493179914581
0.010122201559149197
0.010122783014876614
0.010122684414556908
0.010125327956779758
0.010120488314431395
0.010119890041108375
0.010120369644571256
0.010122871989992881
0.010120063365464754
0.010119384425160515
0.01011978223821511
0.010121639805658422
0.010122075394140218
0.010119933733353913
0.010122089502294072
0.010116967896657317
0.010117402871941576
0.010121175100283064
0.010119745194321812
0.01012101903766787
0.010119626693513626
0.010122443474030043
0.010122964146359525
0.010120537820527263
0.010118756069810969
0.01012138853605726
0.010119298042686466
0.01012526753761194
0.010118511465467241
0.010120775741171522
0.010117969979768736
0.010120036117363684
0.010122386103944711
0.010121632948296495
0.010123726235635013
0.010120580850396514
0.010120265468610789
0.010123832400261176
0.01011942334399365
0.01012280175351713
0.010116873043143612
0.01012144326893213
0.010122619735279887
0.010120201308784311
0.010123738573353873
0.010120583338533887
0.010122069883046567
0.010118878812286326
0.010122038175047624
0.01012236553185893
0.010125367087696251
0.01012354787045678
0.01011951812373923
0.010122341979848275
0.010121309836226033
0.010118859647942258
0.010122206243425115
0.010119547727809782
0.010121849291764273
0.010123091414816703
0.01012191397257813
0.01012149771595552
0.010117771260735422
0.010122128402685174
0.010124101168276256
0.010122573224477249
0.010121292603684731
0.010121883670784065
0.010118826206392385
0.010123488643873644
0.010123087612684607
0.010122204559052935
0.010121794883161783
0.01012008863104747
0.010121284049655935
0.010121047870246785
0.010119080933874394
0.010119197130965518
0.010120851557898542
0.010120404229527064
0.010121836662046586
0.010120590543220736
0.010118910787694722
0.010121361933427282
0.010119551663646604
0.010118953585501748
0.010114299569881396
0.010116002006032089
0.010119961479389825
0.010121459019963596
0.010121979232779136
0.010123911381333377
0.010124565461779585
0.010117873126831484
0.010115423660860597
0.010116725582199127
0.010118688035621107
0.010119091116949277
0.0101215271586583
0.010114439498792977
0.010121023764975198
0.010118396168961973
0.010120200741691853
0.010120231636704589
0.01011678775335991
0.01011988056497802
0.0101207967451082
0.01011740734720781
0.010117692835997828
0.010123428143253519
0.010116833403534425
0.01011461431695388
0.010121534473997334
0.010120016359800947
0.010113212347596195
0.010118117605154664
0.010119984900769425
0.010119078880661589
0.010120008601853163
0.01011676586574257
0.010120245658795629
0.010116340484925032
0.010120291925241352
0.01011840911219419
0.010122144720809098
0.010119852330228283
0.010118746131092999
0.01012074466327531
0.0101157857947322
0.010119663592944346
0.010117640460629275
0.01012110812497316
0.010116993249839681
0.010118543545380481
0.010119554706581749
0.01011701844319111
0.010115902153191098
0.01011687704045387
0.010118267206911601
0.010119694383452237
0.010117695915817035
0.01011858357688283
0.010120985851232762
0.010118362708970069
0.010117354034369338
0.01011545536117536
0.010121287117180454
0.010122306666432237
0.010119472891584089
0.01011986735126268
0.010116382923112451
0.010118124985040809
0.01011692753166157
0.010121892940978407
0.0101169267801488
0.010124101613958677
0.010119976564971331
0.010119431685939087
0.010113233703468302
0.010115779588988709
0.01011375658423102
0.010119833144368512
0.010118158054676387
0.010119961408695371
0.010118645497539354
0.010118306863425982
0.010117352399175907
0.010119507491908255
0.010118550255206159
0.01011665783386075
0.010117647370243623
0.010122268190207851
0.010123259532372943
0.010116180014664387
0.010119712720978575
0.0101193937614388
0.010118967080458065
0.010114397563150909
